1.240350096640000066e+00
1.238338630809999952e+00
1.237804662889999907e+00
1.238082251640000075e+00
1.238059951279999904e+00
1.231774234099999976e+00
1.232463937769999962e+00
1.233583810380000090e+00
1.235383644189999908e+00
1.236334595109999990e+00
1.221937032890000108e+00
1.225600790519999927e+00
1.228693264259999918e+00
1.232559540950000088e+00
1.234363692629999898e+00
1.231031856530000024e+00
1.233179929350000092e+00
1.235108251660000045e+00
1.237352402920000038e+00
1.238126279710000111e+00
1.211761994199999970e+00
1.218799060020000047e+00
1.224270431050000107e+00
1.230420732720000077e+00
1.233150718899999942e+00
1.217380565620000077e+00
1.225165239030000075e+00
1.230567844809999922e+00
1.235776538739999930e+00
1.237601393530000093e+00
1.216827039500000041e+00
1.223776929410000047e+00
1.228856298069999964e+00
1.234034718660000030e+00
1.235995617549999981e+00
1.225935272719999913e+00
1.229221218820000017e+00
1.232411641799999957e+00
1.235927452529999915e+00
1.237164402679999942e+00
1.251776642430000086e+00
1.246766231500000099e+00
1.244310149739999982e+00
1.241952774830000106e+00
1.240592252809999962e+00
1.276937800730000072e+00
1.265646955320000044e+00
1.258998920220000040e+00
1.251743049059999890e+00
1.247693564129999988e+00
1.260056374889999997e+00
1.250088352299999928e+00
1.245931179689999890e+00
1.242409862189999936e+00
1.240619999530000017e+00
1.261930892240000102e+00
1.257202718590000101e+00
1.254387920379999910e+00
1.249946690290000051e+00
1.246653856250000025e+00
1.259053157769999931e+00
1.254216326759999944e+00
1.252022863699999933e+00
1.248538333149999957e+00
1.245727803849999926e+00
1.292231917060000068e+00
1.280099585429999909e+00
1.272114194020000033e+00
1.261210694969999935e+00
1.254296675079999979e+00
1.338832455179999936e+00
1.315584810839999896e+00
1.296348527379999949e+00
1.272284381359999994e+00
1.259908134650000067e+00
1.368582370069999943e+00
1.334720145669999969e+00
1.307624563010000074e+00
1.276398933070000075e+00
1.261345411169999986e+00
1.359005156710000106e+00
1.326169063899999889e+00
1.303135227999999923e+00
1.276763627320000039e+00
1.263059948059999993e+00
1.366716452499999956e+00
1.331173775929999969e+00
1.306737249970000070e+00
1.278731585320000086e+00
1.264247215729999985e+00
1.375162889949999911e+00
1.338784791239999938e+00
1.311980042510000111e+00
1.281666111200000069e+00
1.266270251429999938e+00
1.396744077349999946e+00
1.352834398519999981e+00
1.323236630100000033e+00
1.288817568280000048e+00
1.270727192969999919e+00
1.414632211770000092e+00
1.377115844370000008e+00
1.347198726020000015e+00
1.305426049360000063e+00
1.281647528449999962e+00
1.458815262209999908e+00
1.411273352400000070e+00
1.369631718029999945e+00
1.317368363009999932e+00
1.289601320939999907e+00
1.460462395690000026e+00
1.407575260150000007e+00
1.367989135470000006e+00
1.319027911010000054e+00
1.291636116540000101e+00
1.480271811029999940e+00
1.418841108559999897e+00
1.372928770009999910e+00
1.317336212969999920e+00
1.288246116110000061e+00
1.471278977999999960e+00
1.418088072340000005e+00
1.376105127420000018e+00
1.322672071770000013e+00
1.293507454470000040e+00
1.501822861479999993e+00
1.438269480530000033e+00
1.389684777949999894e+00
1.331005807319999956e+00
1.298794841200000105e+00
1.515462488749999892e+00
1.460316914899999929e+00
1.414200606190000098e+00
1.349135548170000032e+00
1.310698884770000072e+00
1.544309621000000021e+00
1.484615906119999940e+00
1.430855123930000028e+00
1.360393460080000061e+00
1.318834103719999984e+00
1.540793807130000026e+00
1.476359210959999890e+00
1.429967177640000031e+00
1.365002176369999987e+00
1.323486298600000000e+00
1.563036260270000088e+00
1.499539729909999952e+00
1.443748641710000058e+00
1.367235541989999970e+00
1.323481616770000091e+00
1.570924469699999992e+00
1.496918030930000088e+00
1.439351495329999953e+00
1.367000234900000111e+00
1.325072778110000016e+00
1.580428521670000030e+00
1.511945513929999985e+00
1.454735301309999951e+00
1.380186658039999958e+00
1.335235935710000099e+00
1.585661123730000011e+00
1.523133334670000005e+00
1.474126510650000110e+00
1.396279478440000110e+00
1.344237635360000072e+00
1.622508651720000028e+00
1.547012082329999982e+00
1.484788180800000079e+00
1.402324896929999953e+00
1.351188439670000019e+00
1.618005842819999929e+00
1.554958251890000032e+00
1.500763859569999914e+00
1.412820832820000039e+00
1.355753041150000060e+00
1.623471098040000005e+00
1.562529348860000056e+00
1.512821011810000060e+00
1.422730148669999917e+00
1.360697110670000098e+00
1.640447301050000029e+00
1.578789516779999902e+00
1.519622521290000083e+00
1.424271059839999909e+00
1.363545592319999944e+00
1.660320641490000027e+00
1.589663360779999923e+00
1.529255625290000031e+00
1.431028853119999944e+00
1.368556553989999980e+00
1.660342373910000058e+00
1.597590693659999950e+00
1.542475126120000040e+00
1.442519815790000104e+00
1.374065346919999930e+00
1.672403467789999931e+00
1.603638746119999903e+00
1.551156439389999919e+00
1.454618894200000012e+00
1.384368861550000052e+00
1.671625758330000044e+00
1.632769040919999970e+00
1.574053308339999901e+00
1.461853134370000085e+00
1.388801680410000072e+00
1.691770899870000067e+00
1.631218338630000098e+00
1.574707245359999952e+00
1.474335047430000101e+00
1.397667114769999941e+00
1.698306163380000067e+00
1.658332941639999891e+00
1.588947477230000072e+00
1.475616832290000069e+00
1.401032961090000084e+00
1.698984616069999953e+00
1.661101427660000018e+00
1.605247308040000043e+00
1.485247323020000065e+00
1.403717028490000018e+00
1.721229175569999992e+00
1.667856716610000012e+00
1.609573739780000068e+00
1.493237231750000005e+00
1.412438325349999912e+00
1.729594994009999942e+00
1.676284599179999946e+00
1.612015244510000000e+00
1.499638126440000052e+00
1.416562117860000081e+00
1.736365128909999944e+00
1.686227299800000079e+00
1.625260599980000054e+00
1.508063221290000033e+00
1.425592110970000048e+00
1.750226634779999957e+00
1.698188376210000072e+00
1.633858132649999906e+00
1.511254175629999974e+00
1.426670099959999938e+00
1.745621235150000006e+00
1.697447036760000083e+00
1.640742193259999926e+00
1.524765243979999907e+00
1.437679749890000025e+00
1.736715007289999946e+00
1.707469922740000090e+00
1.661505391479999982e+00
1.536415466470000046e+00
1.442608535680000026e+00
1.761125840560000100e+00
1.730728094430000086e+00
1.662539808420000043e+00
1.540625918509999970e+00
1.447858571850000109e+00
1.760833575109999938e+00
1.720563502290000102e+00
1.674500286940000082e+00
1.559264642680000090e+00
1.459877432000000086e+00
1.769093555970000065e+00
1.741309517099999926e+00
1.688498349070000071e+00
1.560302967990000012e+00
1.458704766449999912e+00
1.774827714459999983e+00
1.747846723749999942e+00
1.697039954629999903e+00
1.564531302640000066e+00
1.465366487490000091e+00
1.784801233310000068e+00
1.754028901579999911e+00
1.708330635290000066e+00
1.577680712580000089e+00
1.472283597019999890e+00
1.776479136499999889e+00
1.769413064319999895e+00
1.711573583450000102e+00
1.580552263800000024e+00
1.477845862209999916e+00
1.780302013460000055e+00
1.775291652479999982e+00
1.726111835400000016e+00
1.585551479859999890e+00
1.480642670319999965e+00
1.798440771109999892e+00
1.771652250590000088e+00
1.724155699480000026e+00
1.596559035470000110e+00
1.488721151110000029e+00
1.793663356279999954e+00
1.790057880290000014e+00
1.737593688160000038e+00
1.608499162930000059e+00
1.495212860100000096e+00
1.800093064789999975e+00
1.793969861979999969e+00
1.746674379579999936e+00
1.607852592840000039e+00
1.496817170179999934e+00
1.790414402559999951e+00
1.797941774759999944e+00
1.754429631680000101e+00
1.623576493969999923e+00
1.508541687939999987e+00
1.809658005860000030e+00
1.806237096790000107e+00
1.770833944899999901e+00
1.622083007400000110e+00
1.508917780410000020e+00
1.801306192710000031e+00
1.815473289140000057e+00
1.762830603420000086e+00
1.631599185810000074e+00
1.517953602099999966e+00
1.810093256050000043e+00
1.816678183759999898e+00
1.772868405539999914e+00
1.641216487219999909e+00
1.528687735689999938e+00
1.813738900930000009e+00
1.830194706579999941e+00
1.784343217940000059e+00
1.645186999289999896e+00
1.528810839119999931e+00
1.822185684189999932e+00
1.820433347120000045e+00
1.784692192280000089e+00
1.659353836630000023e+00
1.538315388900000080e+00
1.820419062820000100e+00
1.826743526810000073e+00
1.795990167100000034e+00
1.664316954570000062e+00
1.545673880510000098e+00
1.827907001630000083e+00
1.836545508249999958e+00
1.802490728310000012e+00
1.672453046970000079e+00
1.546931523530000074e+00
1.818904060439999970e+00
1.836459640910000024e+00
1.801889231989999951e+00
1.681142236889999975e+00
1.556193811690000040e+00
1.825595876359999981e+00
1.840008484049999948e+00
1.812106794680000021e+00
1.685916977480000023e+00
1.565470609589999951e+00
1.816629800819999918e+00
1.841601994179999924e+00
1.827794659869999894e+00
1.697352353399999902e+00
1.566672446279999908e+00
1.835238017250000020e+00
1.846813547980000081e+00
1.834321460840000029e+00
1.694355590510000065e+00
1.566532515570000061e+00
1.819785133659999943e+00
1.850058348199999925e+00
1.838628281120000096e+00
1.710157725740000023e+00
1.576063454180000045e+00
1.823966514249999893e+00
1.863783985410000010e+00
1.848788077900000104e+00
1.715794314889999894e+00
1.581978864899999948e+00
1.824738456670000009e+00
1.851884207689999950e+00
1.853218613699999961e+00
1.727703749980000092e+00
1.590565332710000002e+00
1.817290293619999941e+00
1.864145562210000051e+00
1.857681315520000043e+00
1.726053136310000014e+00
1.594625624979999934e+00
1.822931395659999954e+00
1.871864894120000011e+00
1.865042101560000054e+00
1.733078560540000090e+00
1.597105606499999997e+00
1.817211983279999998e+00
1.871297078390000035e+00
1.877780274310000053e+00
1.741962727470000027e+00
1.605628140839999940e+00
1.837791695900000022e+00
1.877956031170000095e+00
1.868560666830000105e+00
1.745245181830000103e+00
1.610750767210000101e+00
1.823789895660000049e+00
1.872269390780000098e+00
1.880903896289999988e+00
1.754597583940000094e+00
1.621166277669999989e+00
1.819210815089999933e+00
1.883917580899999944e+00
1.884648675090000003e+00
1.765076453809999890e+00
1.623859048999999999e+00
1.809408140459999981e+00
1.890876433120000089e+00
1.881364428689999979e+00
1.772103407419999943e+00
1.634689876900000005e+00
1.819134804079999945e+00
1.891592848659999992e+00
1.896315627689999950e+00
1.775697559259999947e+00
1.638263691139999922e+00
1.814453670700000076e+00
1.885554265729999956e+00
1.888864902519999944e+00
1.786199432629999917e+00
1.642877767809999945e+00
1.836862727179999988e+00
1.877720943319999947e+00
1.902798489190000053e+00
1.789278814590000044e+00
1.647544941520000084e+00
1.811283203639999950e+00
1.890160760429999920e+00
1.911488266599999930e+00
1.798006398889999913e+00
1.649294902240000082e+00
1.814294055630000013e+00
1.890456856079999914e+00
1.913023497209999979e+00
1.800312137269999946e+00
1.661335061479999986e+00
1.813700820570000039e+00
1.881012056269999899e+00
1.922676668610000084e+00
1.810554382160000086e+00
1.667122049340000078e+00
1.807733720030000102e+00
1.903227220840000067e+00
1.913097752329999901e+00
1.818681124959999895e+00
1.668309518060000052e+00
1.805276239279999917e+00
1.884516903359999995e+00
1.927687852190000051e+00
1.821591866659999948e+00
1.676977010379999911e+00
1.806774907050000101e+00
1.893330721629999935e+00
1.932407866569999966e+00
1.833850325110000012e+00
1.681307206110000063e+00
1.803752600479999968e+00
1.889675595950000009e+00
1.936072486800000103e+00
1.835766331679999919e+00
1.688763917249999968e+00
1.789531331250000079e+00
1.891771969099999895e+00
1.940626813259999972e+00
1.845057396190000087e+00
1.687984472349999931e+00
1.783300900540000011e+00
1.898207396109999889e+00
1.937212687369999964e+00
1.851330715100000024e+00
1.700955133099999905e+00
1.786859837049999955e+00
1.900003432709999940e+00
1.945770984309999951e+00
1.853627687369999943e+00
1.707073189509999978e+00
1.778034390560000011e+00
1.896470097439999947e+00
1.953452208130000090e+00
1.861550186579999933e+00
1.706603477160000049e+00
1.778499639539999899e+00
1.887736200249999996e+00
1.959494493110000013e+00
1.869915487459999914e+00
1.714060072529999923e+00
1.783279697230000016e+00
1.899725403909999999e+00
1.958741832410000105e+00
1.871412147720000085e+00
1.720666933560000000e+00
1.776051627630000018e+00
1.894798524969999898e+00
1.956936036389999911e+00
1.873618709510000091e+00
1.730738275059999998e+00
1.767226976439999930e+00
1.898661649809999963e+00
1.960918330319999958e+00
1.881484734100000056e+00
1.735699726980000079e+00
1.777085721650000005e+00
1.893396828740000037e+00
1.968112830379999956e+00
1.893498496359999894e+00
1.743508470429999901e+00
1.764867658460000044e+00
1.892811281169999971e+00
1.975464189500000023e+00
1.897757443169999947e+00
1.740295621220000033e+00
1.761134156770000070e+00
1.879902760720000066e+00
1.974292770459999957e+00
1.910439336959999901e+00
1.745732471139999964e+00
1.762492034080000103e+00
1.886518365369999950e+00
1.981001254019999935e+00
1.910795191060000064e+00
1.749874804699999897e+00
1.746102259669999990e+00
1.894494450700000110e+00
1.983530465300000101e+00
1.915084400070000026e+00
1.758750133099999946e+00
1.730134346590000094e+00
1.894231748890000011e+00
1.979878032170000024e+00
1.922356707699999889e+00
1.765778098680000019e+00
1.751604501569999917e+00
1.885053556679999964e+00
1.987418091719999946e+00
1.926089845109999921e+00
1.768763333949999961e+00
1.746935364210000063e+00
1.879905407060000089e+00
1.993552621170000094e+00
1.929467546769999986e+00
1.775557085009999980e+00
1.734470585469999993e+00
1.889496050390000015e+00
1.986226198550000044e+00
1.940335456549999948e+00
1.782090022250000017e+00
1.730326393339999935e+00
1.887134564049999907e+00
1.996496987390000033e+00
1.936231370230000026e+00
1.781535835769999965e+00
1.720434126900000082e+00
1.889950283579999946e+00
1.998144128469999892e+00
1.941329195850000078e+00
1.790904221039999911e+00
1.730839966560000054e+00
1.885232159719999911e+00
2.001688246570000107e+00
1.949119546649999979e+00
1.796455662749999904e+00
1.720130624270000075e+00
1.885951447200000075e+00
1.995482379930000105e+00
1.962413621620000104e+00
1.802899263850000100e+00
1.713332404880000048e+00
1.876412862830000083e+00
2.002067872200000043e+00
1.963980531920000105e+00
1.806246989729999974e+00
1.697278876679999993e+00
1.880529360599999977e+00
2.003849254139999925e+00
1.968452018410000059e+00
1.813363238009999989e+00
1.703406892839999909e+00
1.884550160619999915e+00
2.004927335290000112e+00
1.970677943090000106e+00
1.821063579560000090e+00
1.709963529960000006e+00
1.871059696839999953e+00
2.006234653419999958e+00
1.977865843420000047e+00
1.824804952500000077e+00
1.700303917130000064e+00
1.865836349679999895e+00
2.010145504870000099e+00
1.984261731769999981e+00
1.827807720250000045e+00
1.683679949829999911e+00
1.868399123449999921e+00
2.009640378179999853e+00
1.993933046430000022e+00
1.833787679839999907e+00
1.681365686359999945e+00
1.864279028099999902e+00
2.016246977339999802e+00
1.993685025800000066e+00
1.837519123200000104e+00
1.691798578690000054e+00
1.857293938560000024e+00
2.015812237110000016e+00
2.000695659829999862e+00
1.846012955019999957e+00
1.676539538379999916e+00
1.866957682400000040e+00
2.018975506449999902e+00
1.999905303210000040e+00
1.851280521599999895e+00
1.676134726289999932e+00
1.864135297110000034e+00
2.020016103860000189e+00
2.003806257089999932e+00
1.848996029540000086e+00
1.670157381839999955e+00
1.869251885119999956e+00
2.011412786540000219e+00
2.014666943749999994e+00
1.858098236390000046e+00
1.648040975170000033e+00
1.866402761750000083e+00
2.019360244960000106e+00
2.014866462330000108e+00
1.862876410799999993e+00
1.654114418310000056e+00
1.865473025360000037e+00
2.012487821070000127e+00
2.025995723069999865e+00
1.869649932459999997e+00
1.648672407490000102e+00
1.858571075349999990e+00
2.021610282550000193e+00
2.028172885970000117e+00
1.874816131560000043e+00
1.642889692870000085e+00
1.841342190190000006e+00
2.025972463440000038e+00
2.030477080569999870e+00
1.882414534030000031e+00
1.642868850409999970e+00
1.848285228549999992e+00
2.018468478419999990e+00
2.037421336920000048e+00
1.883043245379999897e+00
1.623354993840000038e+00
1.850372062009999929e+00
2.018863590260000063e+00
2.046493347200000201e+00
1.888054652419999924e+00
1.634655886780000067e+00
1.835644744469999923e+00
2.021791901469999875e+00
2.052568841989999893e+00
1.888688617149999915e+00
1.622734040749999940e+00
1.842573661419999898e+00
2.019112208280000154e+00
2.049527864099999874e+00
1.898273171480000077e+00
1.622458214239999919e+00
1.828884522549999891e+00
2.024747755209999944e+00
2.055521022999999836e+00
1.901070314760000102e+00
1.617530042650000111e+00
1.855871024370000066e+00
2.019148416739999785e+00
2.060344580569999806e+00
1.903827809140000049e+00
1.609036806180000001e+00
1.834095589969999995e+00
2.016255349410000175e+00
2.065943496370000076e+00
1.914684424490000092e+00
1.615602257029999933e+00
1.813365895130000016e+00
2.025997956429999913e+00
2.069370828159999842e+00
1.916001491939999912e+00
1.593621380809999932e+00
1.832432504360000047e+00
2.020736452369999991e+00
2.074075601650000156e+00
1.921589898749999969e+00
1.601905868190000026e+00
1.808718856520000084e+00
2.028547430260000173e+00
2.077700165630000040e+00
1.928278083429999956e+00
1.582867144549999994e+00
1.828350421659999947e+00
2.023155134570000069e+00
2.077711137090000104e+00
1.930976036369999926e+00
1.589843798310000000e+00
1.806069918019999943e+00
2.021121061300000132e+00
2.089893989610000169e+00
1.938881057419999943e+00
1.586009254659999979e+00
1.813283827850000085e+00
2.013322234729999938e+00
2.095477409179999917e+00
1.943021239219999918e+00
1.574818346939999891e+00
1.822591527319999960e+00
2.014008561199999825e+00
2.096668983929999897e+00
1.944726949669999927e+00
1.568070511339999973e+00
1.813843671429999915e+00
2.020515652699999887e+00
2.099928777950000214e+00
1.951510227500000028e+00
1.563014624310000045e+00
1.806930293209999983e+00
2.015514431450000199e+00
2.105592098699999859e+00
1.955816742669999941e+00
1.561496623570000075e+00
1.798802761609999967e+00
2.026523522669999799e+00
2.108637352680000188e+00
1.961955778439999909e+00
1.548833656990000085e+00
1.791316160440000083e+00
2.017661085619999906e+00
2.107726002020000156e+00
1.962079964289999978e+00
1.551915549869999911e+00
1.795628269450000092e+00
2.015130050249999805e+00
2.112713660979999908e+00
1.968517396460000013e+00
1.547115501489999989e+00
1.804766549700000056e+00
2.008469065949999965e+00
2.113107783089999803e+00
1.976817313980000046e+00
1.547847607240000034e+00
1.786597741060000022e+00
2.012239373349999916e+00
2.119989163180000080e+00
1.977848198290000026e+00
1.537782741250000029e+00
1.793253986230000097e+00
2.007081080029999853e+00
2.122723638680000136e+00
1.986933767800000084e+00
1.528737597309999918e+00
1.770293591009999945e+00
2.027667295400000125e+00
2.128389320140000152e+00
1.987212076680000106e+00
1.524771260260000094e+00
1.777989678830000031e+00
2.015819931829999856e+00
2.126623193519999955e+00
1.992783707220000089e+00
1.518950091310000028e+00
1.761762111529999952e+00
2.009818125499999830e+00
2.134430442369999792e+00
2.000801773060000066e+00
1.514210583929999965e+00
1.772474704389999989e+00
2.015282415180000175e+00
2.134688024269999929e+00
2.003123892820000140e+00
1.513868999490000089e+00
1.757280832830000028e+00
2.005469831460000130e+00
2.143775856850000050e+00
2.005722051509999826e+00
1.501691556689999985e+00
1.762647442520000052e+00
2.016207772820000077e+00
2.142839399930000166e+00
2.016262699309999906e+00
1.490825176069999980e+00
1.758462523519999987e+00
2.009801074599999904e+00
2.154828383489999943e+00
2.014160136630000153e+00
1.491329144030000053e+00
1.758839012189999940e+00
2.014878239639999791e+00
2.151930736410000211e+00
2.022936542370000090e+00
1.498788342050000111e+00
1.749749238809999996e+00
2.003982624509999866e+00
2.156714925120000181e+00
2.025068237390000192e+00
1.479610722749999940e+00
1.745559603250000036e+00
2.007829200100000211e+00
2.157807909559999793e+00
2.026380799650000064e+00
1.472569287440000041e+00
1.748354518410000003e+00
2.005173591350000173e+00
2.165544164339999966e+00
2.034791701020000065e+00
1.469232530640000034e+00
1.735550462009999961e+00
2.006099960669999849e+00
2.163108617469999828e+00
2.039021626649999863e+00
1.450073664800000106e+00
1.749265979990000108e+00
2.005911807529999979e+00
2.157388126989999932e+00
2.049442410879999787e+00
1.469543965359999982e+00
1.736697822820000070e+00
2.004111669349999847e+00
2.173509114339999826e+00
2.043354843659999975e+00
1.462446353969999890e+00
1.726377948209999902e+00
1.997081857459999998e+00
2.179301668539999959e+00
2.048894061349999962e+00
1.457269275750000093e+00
1.717545444099999985e+00
2.009511046550000124e+00
2.175411620959999848e+00
2.053769852619999892e+00
1.449866996909999983e+00
1.714809071129999918e+00
1.998134061030000019e+00
2.175647548480000193e+00
2.056672686889999824e+00
1.444463907779999889e+00
1.715246184029999954e+00
2.001471025069999854e+00
2.181547317999999791e+00
2.064836228919999961e+00
1.442718790750000091e+00
1.712052489079999962e+00
1.996948859720000025e+00
2.185565734369999902e+00
2.070330120900000015e+00
1.426103251240000036e+00
1.711402053270000057e+00
1.987920753420000075e+00
2.192978525990000094e+00
2.073608465359999986e+00
1.418519020700000022e+00
1.709245375480000106e+00
1.990173041460000070e+00
2.189463534240000175e+00
2.079982031740000181e+00
1.423689507910000041e+00
1.696472232030000082e+00
1.993657925509999984e+00
2.192387346479999888e+00
2.083240592400000146e+00
1.412083495639999908e+00
1.698276167680000004e+00
1.989278332040000041e+00
2.195857265919999968e+00
2.088001048389999781e+00
1.408251619480000105e+00
1.680484178940000017e+00
1.981504799589999921e+00
2.202876024180000059e+00
2.092527660490000052e+00
1.405639894409999924e+00
1.691229256940000036e+00
1.989107581340000097e+00
2.202434628269999806e+00
2.089798665800000066e+00
1.398005662160000107e+00
1.685204469809999939e+00
1.987646666380000093e+00
2.205661676300000096e+00
2.100369272430000045e+00
1.397875307530000111e+00
1.689936968180000054e+00
1.978953090559999906e+00
2.203497266479999883e+00
2.102233520570000014e+00
1.387443065969999889e+00
1.675541985570000003e+00
1.982363200800000058e+00
2.210016757830000067e+00
2.109697947229999926e+00
1.376731156269999978e+00
1.688726461519999944e+00
1.974304344629999930e+00
2.213333008259999790e+00
2.107073997670000143e+00
1.380102746609999986e+00
1.664212402340000008e+00
1.978862876830000062e+00
2.218566599889999935e+00
2.114535118810000114e+00
1.378291606899999966e+00
1.669386404589999984e+00
1.974228363439999967e+00
2.214544258370000129e+00
2.122014107400000071e+00
1.369358040390000086e+00
1.667042073099999966e+00
1.973633062490000034e+00
2.218451695420000203e+00
2.121496075000000037e+00
1.359915131830000012e+00
1.662352931590000082e+00
1.973616969130000065e+00
2.224719566530000137e+00
2.128448139310000098e+00
1.361841699099999969e+00
1.651861101599999992e+00
1.972918078460000002e+00
2.223933849429999832e+00
2.134369645670000093e+00
1.353535963819999965e+00
1.646982479709999891e+00
1.955850161489999905e+00
2.223207437850000190e+00
2.136329718839999892e+00
1.355178508999999920e+00
1.655732793869999941e+00
1.965954951480000101e+00
2.232955648259999926e+00
2.140637950539999945e+00
1.337646939549999914e+00
1.637591974950000084e+00
1.959692646069999933e+00
2.234481728070000006e+00
2.143352371569999804e+00
1.334119408490000103e+00
1.643676874000000065e+00
1.962290779029999932e+00
2.232808277090000182e+00
2.150396285659999851e+00
1.331236163950000106e+00
1.642434121129999980e+00
1.959894550670000068e+00
2.231087011600000114e+00
2.152225100119999901e+00
1.324131356249999891e+00
1.627029740550000048e+00
1.948399867060000012e+00
2.239379604409999835e+00
2.154850829909999987e+00
1.320531899999999981e+00
1.623013647859999908e+00
1.955918931590000076e+00
2.230557736759999798e+00
2.163875526140000005e+00
1.319064740119999968e+00
1.620166556270000058e+00
1.953169501629999916e+00
2.246287829269999925e+00
2.164574163360000192e+00
1.319201828620000017e+00
1.614054552550000077e+00
1.958627786100000101e+00
2.243628806549999855e+00
2.168111304740000023e+00
1.311288338430000033e+00
1.621294653899999938e+00
1.950562251260000046e+00
2.245327739769999997e+00
2.166044877700000093e+00
1.304453844410000007e+00
1.615925951129999927e+00
1.943508759720000034e+00
2.251480317499999995e+00
2.175668358839999872e+00
1.300030878689999891e+00
1.600390941829999969e+00
1.946561732850000004e+00
2.250805627310000112e+00
2.177046868870000207e+00
1.292389863419999951e+00
1.605632696130000037e+00
1.949214627809999989e+00
2.246404191189999899e+00
2.182470540559999783e+00
1.284887241899999921e+00
1.594262697890000080e+00
1.938116946440000099e+00
2.253837656149999980e+00
2.193095790560000147e+00
1.282303897000000026e+00
1.584450754149999918e+00
1.935467561110000068e+00
2.256532122259999884e+00
2.187389090899999999e+00
1.281235325779999989e+00
1.588211252130000029e+00
1.943030442630000021e+00
2.260098318919999905e+00
2.196555155670000037e+00
1.281227069400000085e+00
1.590239641389999958e+00
1.933502802370000051e+00
2.265646243039999952e+00
2.197383614060000045e+00
1.271334553330000006e+00
1.572872848780000110e+00
1.930435630140000081e+00
2.264317115479999920e+00
2.202821999719999813e+00
1.264760468720000031e+00
1.569850440369999989e+00
1.928871956330000081e+00
2.264742954909999995e+00
2.204966043799999831e+00
1.262923653100000099e+00
1.563048204240000016e+00
1.926801946309999902e+00
2.260991464239999971e+00
2.213138334209999947e+00
1.259269351309999951e+00
1.571818478690000020e+00
1.925256153539999904e+00
2.266469818890000099e+00
2.213754769899999975e+00
1.255848107550000092e+00
1.561028349829999939e+00
1.923901460409999986e+00
2.274606005399999908e+00
2.216143882489999939e+00
1.252110475610000107e+00
1.545797222520000069e+00
1.922906036609999925e+00
2.266569510960000144e+00
2.221240077000000035e+00
1.243336715120000102e+00
1.561950393670000103e+00
1.915456076039999900e+00
2.270588954760000000e+00
2.223157775009999781e+00
1.243985365359999928e+00
1.549884676750000079e+00
1.911234745480000052e+00
2.275092760879999787e+00
2.229907942670000143e+00
1.241561388200000060e+00
1.543830021290000021e+00
1.920364764799999957e+00
2.281162633700000164e+00
2.228768860889999814e+00
1.222706861939999889e+00
1.543466888820000049e+00
1.915146806359999898e+00
2.277725716580000004e+00
2.234409066020000001e+00
1.229070009119999973e+00
1.544673586270000065e+00
1.901950458089999962e+00
2.282865726719999877e+00
2.245257382890000208e+00
1.228889620829999973e+00
1.525134526540000035e+00
1.904812067369999973e+00
2.281375578860000086e+00
2.243024714070000147e+00
1.218355336829999969e+00
1.527032887380000092e+00
1.902669807649999933e+00
2.279945736590000216e+00
2.248906026259999802e+00
1.216740667749999893e+00
1.526407717030000111e+00
1.890961689040000060e+00
2.280196050399999841e+00
2.246923134589999815e+00
1.211738392520000041e+00
1.514729902450000054e+00
1.899082790800000087e+00
2.290107690500000182e+00
2.250660359629999885e+00
1.205462060819999959e+00
1.519134788009999903e+00
1.884203822109999926e+00
2.292695311760000187e+00
2.255194513360000208e+00
1.209250283660000092e+00
1.514102435939999935e+00
1.882765759099999991e+00
2.285098863129999991e+00
2.261478138519999792e+00
1.198095902489999975e+00
1.511407297929999949e+00
1.883949803809999990e+00
2.283346619050000026e+00
2.268386927649999940e+00
1.205619816610000061e+00
1.489935487009999893e+00
1.888393827990000107e+00
2.293590332399999987e+00
2.270033573250000103e+00
1.194176700190000107e+00
1.494420977839999942e+00
1.881389482449999928e+00
2.293520520459999990e+00
2.267368276570000063e+00
1.192989802620000095e+00
1.497403895419999964e+00
1.891803902869999998e+00
2.295937156589999972e+00
2.274077678899999899e+00
1.191078674639999946e+00
1.487827553220000043e+00
1.877619410959999957e+00
2.293832275809999821e+00
2.278330301980000083e+00
1.183721774199999910e+00
1.493199430490000035e+00
1.874245781299999969e+00
2.300637267960000010e+00
2.282063809759999895e+00
1.185088679379999954e+00
1.479350223470000003e+00
1.871293817339999999e+00
2.300763418189999854e+00
2.282396275400000007e+00
1.177360790630000098e+00
1.468246483349999965e+00
1.868795895639999927e+00
2.299255632609999989e+00
2.288719867440000222e+00
1.167455027279999946e+00
1.484935570580000030e+00
1.868486908840000016e+00
2.296731563969999890e+00
2.286232378539999832e+00
1.166445473260000032e+00
1.462768659370000002e+00
1.871438701400000015e+00
2.302088392539999973e+00
2.295819970050000158e+00
1.158131703010000013e+00
1.471299107989999966e+00
1.851414928799999915e+00
2.299696165079999854e+00
2.304024239239999883e+00
1.157490234810000018e+00
1.464391951439999895e+00
1.860118325920000037e+00
2.299515691659999916e+00
2.302896816400000102e+00
1.154525009809999947e+00
1.467063792040000036e+00
1.853400411600000020e+00
2.309355673799999842e+00
2.302656191320000101e+00
1.150089397159999915e+00
1.452881301379999934e+00
1.846955632550000059e+00
2.313417228850000118e+00
2.309838494420000110e+00
1.148185639810000103e+00
1.451465851510000071e+00
1.856678847800000032e+00
2.310570650469999876e+00
2.309934694899999919e+00
1.139209107039999891e+00
1.445884464529999969e+00
1.851643955699999955e+00
2.313753235610000125e+00
2.309400485289999860e+00
1.141329219339999979e+00
1.444737545059999961e+00
1.846892736020000036e+00
2.309283219770000173e+00
2.315051787009999806e+00
1.131729721039999914e+00
1.435492730430000030e+00
1.847215415750000034e+00
2.311247132310000119e+00
2.325779988219999872e+00
1.135433174389999911e+00
1.433683120199999994e+00
1.832255053429999947e+00
2.308352144580000154e+00
2.329027935830000118e+00
1.125842053329999981e+00
1.424219674439999972e+00
1.844165982670000092e+00
2.311735209380000100e+00
2.324156221490000007e+00
1.125772885890000019e+00
1.415256927139999954e+00
1.839259641880000018e+00
2.309948912309999880e+00
2.333808448970000171e+00
1.124784257880000027e+00
1.426699335199999918e+00
1.835136822589999994e+00
2.318138860419999947e+00
2.330249056330000013e+00
1.123554722579999998e+00
1.417887768339999965e+00
1.826707645669999991e+00
2.319609614940000064e+00
2.335035104760000202e+00
1.111536160750000057e+00
1.414954771579999937e+00
1.825918202180000005e+00
2.313577457600000109e+00
2.341303784990000025e+00
1.114427283469999974e+00
1.401049362039999968e+00
1.814823003729999940e+00
2.313267262550000147e+00
2.338960727549999952e+00
1.108934034120000023e+00
1.404870273720000062e+00
1.813565314579999921e+00
2.321078298819999830e+00
2.344576864199999999e+00
1.111031959249999979e+00
1.403769637059999909e+00
1.811152137199999901e+00
2.316999209440000040e+00
2.350312411260000012e+00
1.107934566529999998e+00
1.393955672299999948e+00
1.806403069579999965e+00
2.322311392970000110e+00
2.348614295079999970e+00
1.102358873580000065e+00
1.393260832299999974e+00
1.804187417599999899e+00
2.322873843680000050e+00
2.353696371329999870e+00
1.102784773870000068e+00
1.393211195009999903e+00
1.809179383710000089e+00
2.322486223899999924e+00
2.360284841559999958e+00
1.093081431959999961e+00
1.385886709610000045e+00
1.796013086779999934e+00
2.318310276920000135e+00
2.361475549340000146e+00
1.088829976670000033e+00
1.385001193339999936e+00
1.792350612589999947e+00
2.320739573320000027e+00
2.363985838590000110e+00
1.084446177130000022e+00
1.388715066709999890e+00
1.790005625979999904e+00
2.319444192779999803e+00
2.368505434389999831e+00
1.086309606809999995e+00
1.374842543740000034e+00
1.797390544600000029e+00
2.323592543320000203e+00
2.366520470040000212e+00
1.076884192769999915e+00
1.364650385400000054e+00
1.785512243539999933e+00
2.321743237400000215e+00
2.373404682559999923e+00
1.076876711639999984e+00
1.367040612640000097e+00
1.783674867750000059e+00
2.317705545339999951e+00
2.379296292509999855e+00
1.076752264620000066e+00
1.363916637530000031e+00
1.782085524410000010e+00
2.329016018789999976e+00
2.378647989720000133e+00
1.067184279069999908e+00
1.356339962070000071e+00
1.784421586879999966e+00
2.330606321719999929e+00
2.379277637299999970e+00
1.070559502620000103e+00
1.368020344130000066e+00
1.776846157840000107e+00
2.321911115339999832e+00
2.379875037340000166e+00
1.067866128799999981e+00
1.359986191179999970e+00
1.767761025390000018e+00
2.320902821299999808e+00
2.390111222529999857e+00
1.063731197849999921e+00
1.354847013289999902e+00
1.765567059199999900e+00
2.330533289509999939e+00
2.391362378939999811e+00
1.064587041170000026e+00
1.343040894590000089e+00
1.766254350509999904e+00
2.328136991350000073e+00
2.397350710420000031e+00
1.057787164220000076e+00
1.355183247750000097e+00
1.764919417970000071e+00
2.324668218989999868e+00
2.395203805089999971e+00
1.051289989760000099e+00
1.336574501969999940e+00
1.757969706059999915e+00
2.327671406479999927e+00
2.401492669120000034e+00
1.051684916969999994e+00
1.337303822069999981e+00
1.762577892809999991e+00
2.328718928869999871e+00
2.404146892099999988e+00
1.049730404109999959e+00
1.333940576580000092e+00
1.752162540510000088e+00
2.332553959070000182e+00
2.406474479179999904e+00
1.044810613139999900e+00
1.327855121280000050e+00
1.748806703440000110e+00
2.326209760609999844e+00
2.409896957760000014e+00
1.038187587569999959e+00
1.326650655459999939e+00
1.742968641730000101e+00
2.326144134070000202e+00
2.408855850450000169e+00
1.036217929290000006e+00
1.320741995229999910e+00
1.745075696990000091e+00
2.326998430649999783e+00
2.413601820389999819e+00
1.038944139240000064e+00
1.315560540189999905e+00
1.739050082889999960e+00
2.328139957019999873e+00
2.415199814550000212e+00
1.031268094999999940e+00
1.319365327140000099e+00
1.733125479189999929e+00
2.328665847549999945e+00
2.420142803410000099e+00
1.032150968250000078e+00
1.307132600180000104e+00
1.735894267069999941e+00
2.331908272899999801e+00
2.419766997550000021e+00
1.030489656999999948e+00
1.311066491010000057e+00
1.727872216990000043e+00
2.332592092490000102e+00
2.426795457819999946e+00
1.027381356170000037e+00
1.305591215430000007e+00
1.730979405930000103e+00
2.332589410319999779e+00
2.427889927159999850e+00
1.013466053449999960e+00
1.293877996850000045e+00
1.725689084929999950e+00
2.329683444810000115e+00
2.432837217659999940e+00
1.013978290050000064e+00
1.293493528690000005e+00
1.725753967870000016e+00
2.332069016520000204e+00
2.433142741030000167e+00
1.015763902170000010e+00
1.288663769690000072e+00
1.721815148839999976e+00
2.330972219790000022e+00
2.431764291239999931e+00
1.005736594170000053e+00
1.279933838010000047e+00
1.720782418199999997e+00
2.332092767409999823e+00
2.442828169309999797e+00
1.009470770030000075e+00
1.274431293079999916e+00
1.708398876630000007e+00
2.328240017330000189e+00
2.443521379169999896e+00
1.006804805490000065e+00
1.289496388319999909e+00
1.708594847669999917e+00
2.332517131529999954e+00
2.440123364729999800e+00
9.982322411020000397e-01
1.278625333869999992e+00
1.707156618860000030e+00
2.331938200200000200e+00
2.443957439150000077e+00
9.978923141350000137e-01
1.271705743310000081e+00
1.696441887310000007e+00
2.326223880990000215e+00
2.451781040859999816e+00
9.965226118979999548e-01
1.264415762050000058e+00
1.701227598820000075e+00
2.328723067339999897e+00
2.452188321620000000e+00
9.981991613020000376e-01
1.262988445259999981e+00
1.695076932349999899e+00
2.329925832009999809e+00
2.459446749840000113e+00
9.951256773029999447e-01
1.262815509399999980e+00
1.693076648259999928e+00
2.335830796140000221e+00
2.458157672430000051e+00
9.889993168239999966e-01
1.256910815099999912e+00
1.697191863490000063e+00
2.322619481099999827e+00
2.458653352579999840e+00
9.837718878829999625e-01
1.258234462169999901e+00
1.683533592020000080e+00
2.335044089580000204e+00
2.461355781600000014e+00
9.808800449110000041e-01
1.263605920560000095e+00
1.682271244550000100e+00
2.330802732029999991e+00
2.462432350399999859e+00
9.848043531290000541e-01
1.243056103330000051e+00
1.680564161199999962e+00
2.329744655319999858e+00
2.462978790060000200e+00
9.817100082540000106e-01
1.236098333529999982e+00
1.674649304199999911e+00
2.331653955560000213e+00
2.469149741619999894e+00
9.699366122539999635e-01
1.253627714789999903e+00
1.676923285360000015e+00
2.328801958830000185e+00
2.468972737190000100e+00
9.739218289040000309e-01
1.234922534959999929e+00
1.674359482500000107e+00
2.326896354330000083e+00
2.472261659539999989e+00
9.659490361120000035e-01
1.239581960990000065e+00
1.670903698430000084e+00
2.329565076939999813e+00
2.474728663430000086e+00
9.706954229190000172e-01
1.230236591139999947e+00
1.662530605419999974e+00
2.325212505480000136e+00
2.478935578989999833e+00
9.606761966900000393e-01
1.231994929060000077e+00
1.656946071249999930e+00
2.325572665899999780e+00
2.480251422539999862e+00
9.589639045019999752e-01
1.233338772700000030e+00
1.652541544510000016e+00
2.324098449190000082e+00
2.482872814759999880e+00
9.605582989580000453e-01
1.224674244230000042e+00
1.654910753240000032e+00
2.326317956240000040e+00
2.483828314320000175e+00
9.588555976989999730e-01
1.213196974089999935e+00
1.650443444920000058e+00
2.324865650560000052e+00
2.482243220149999985e+00
9.544760512240000327e-01
1.218702516090000021e+00
1.649124793539999967e+00
2.318839787039999933e+00
2.485000442320000058e+00
9.523044887360000432e-01
1.212235546959999910e+00
1.642528220410000017e+00
2.326598977649999789e+00
2.486511056649999940e+00
9.483065120750000521e-01
1.207510866700000074e+00
1.628967680599999968e+00
2.320949927740000085e+00
2.489730922560000170e+00
9.475377848599999542e-01
1.212266947150000052e+00
1.635726202909999927e+00
2.327970102650000150e+00
2.496028864349999932e+00
9.401972940870000350e-01
1.197155060490000089e+00
1.629790657690000089e+00
2.325572365110000206e+00
2.493209690290000058e+00
9.385200390019999839e-01
1.200302622519999973e+00
1.631996333780000086e+00
2.325789099970000162e+00
2.496416532740000083e+00
9.363048860689999753e-01
1.190667223800000007e+00
1.628661044850000073e+00
2.317271350569999999e+00
2.499470877609999864e+00
9.334854907530000245e-01
1.201605869390000025e+00
1.625190333049999936e+00
2.319429682130000003e+00
2.501470458580000056e+00
9.345988529640000264e-01
1.184068994210000003e+00
1.619118604050000076e+00
2.319716818099999855e+00
2.503838068959999941e+00
9.267933295239999536e-01
1.187837670019999958e+00
1.614878928620000043e+00
2.316297623150000096e+00
2.500567473559999865e+00
9.283301552699999570e-01
1.183421103279999942e+00
1.608023572080000019e+00
2.313842072069999922e+00
2.498626277990000144e+00
9.245946210100000062e-01
1.176349965880000070e+00
1.607954569689999946e+00
2.318234702849999884e+00
2.505273421660000110e+00
9.240728837080000035e-01
1.173484462980000087e+00
1.608932718399999962e+00
2.311080858409999994e+00
2.505829490930000070e+00
9.206810026270000336e-01
1.176609386840000049e+00
1.600362315679999980e+00
2.312266423680000127e+00
2.511736373989999827e+00
9.209598124819999843e-01
1.170096076279999897e+00
1.600794598890000087e+00
2.316982327809999909e+00
2.507540971450000100e+00
9.183265213250000336e-01
1.170272706500000037e+00
1.592517232090000068e+00
2.315474809819999980e+00
2.508473510610000012e+00
9.193583496070000249e-01
1.164754006949999976e+00
1.599210254429999978e+00
2.308713652159999796e+00
2.512995092300000177e+00
9.140754815710000480e-01
1.161374389609999946e+00
1.591841485060000005e+00
2.309688915190000191e+00
2.510154155429999978e+00
9.082379381359999559e-01
1.143875079010000073e+00
1.580507286370000042e+00
2.312864144569999780e+00
2.516622732600000134e+00
9.052563571359999450e-01
1.155555773729999958e+00
1.587330507109999900e+00
2.306022138149999900e+00
2.514993011350000085e+00
9.074005081620000190e-01
1.159043731239999930e+00
1.581123158580000077e+00
2.305554151730000001e+00
2.517144477039999995e+00
8.982025302360000518e-01
1.153857084790000043e+00
1.575735433069999969e+00
2.307346990180000113e+00
2.519227261779999782e+00
8.983620637570000067e-01
1.151504627600000052e+00
1.568950940349999934e+00
2.301442498090000122e+00
2.523312665120000187e+00
8.965919267790000147e-01
1.144801653420000065e+00
1.580669749419999937e+00
2.302872971919999845e+00
2.514342203800000064e+00
8.961640654539999584e-01
1.137702854989999901e+00
1.565980032929999988e+00
2.303841169770000086e+00
2.522252895419999863e+00
