0.000000000000000000e+00 0.000000000000000000e+00
5.000000000000000104e-03 1.321495351402477434e-03
1.499999999999999944e-02 1.904057107241156552e-02
2.500000000000000139e-02 3.001726099821404661e-02
3.500000000000000333e-02 4.235326168764011467e-02
4.499999999999999833e-02 5.828683672891206424e-02
5.500000000000000028e-02 9.515175345365092796e-02
6.500000000000000222e-02 1.491153687313390985e-01
7.499999999999999722e-02 1.765059916374384086e-01
8.500000000000000611e-02 1.791632908745972863e-01
9.500000000000000111e-02 1.772214183551350519e-01
1.049999999999999961e-01 1.880550229373982030e-01
1.150000000000000050e-01 2.116641046213867672e-01
1.250000000000000000e-01 2.219866901195808873e-01
1.350000000000000089e-01 2.202492252337462375e-01
1.449999999999999900e-01 2.283233267620367046e-01
1.549999999999999989e-01 3.243949145670119161e-01
1.650000000000000078e-01 4.924179894089046328e-01
1.749999999999999889e-01 5.699906863705813675e-01
1.849999999999999978e-01 5.662091451484706495e-01
1.950000000000000067e-01 5.669245718661671818e-01
2.049999999999999878e-01 6.058642260722263417e-01
2.149999999999999967e-01 6.735231528029641535e-01
2.250000000000000056e-01 7.435327673204195076e-01
2.349999999999999867e-01 7.762379887008366008e-01
2.449999999999999956e-01 8.022999619883562916e-01
2.550000000000000044e-01 8.866181108597441796e-01
2.650000000000000133e-01 9.995533284389969131e-01
2.750000000000000222e-01 1.068029885704244952e+00
2.849999999999999756e-01 1.082338420058177597e+00
2.949999999999999845e-01 1.131396252128803237e+00
3.049999999999999933e-01 1.309230893384821126e+00
3.150000000000000022e-01 1.535101328543326593e+00
3.250000000000000111e-01 1.699649473613549899e+00
3.350000000000000200e-01 1.740531000339071266e+00
3.449999999999999734e-01 1.785500679737144658e+00
3.549999999999999822e-01 1.921431756099503341e+00
3.649999999999999911e-01 2.097222321019244884e+00
3.750000000000000000e-01 2.241329702726707840e+00
3.850000000000000089e-01 2.292431611133609159e+00
3.950000000000000178e-01 2.313894412664508238e+00
4.050000000000000266e-01 2.325136832514026253e+00
4.149999999999999800e-01 2.319004603505198325e+00
4.249999999999999889e-01 2.313894412664508238e+00
4.349999999999999978e-01 2.320026641673336609e+00
4.450000000000000067e-01 2.354775939390029826e+00
4.550000000000000155e-01 2.387481160770446476e+00
4.650000000000000244e-01 2.386459122602308636e+00
4.749999999999999778e-01 2.369084473743961805e+00
4.849999999999999867e-01 2.348643710381201455e+00
4.949999999999999956e-01 2.319004603505198325e+00
5.050000000000000044e-01 2.242351740894845680e+00
5.150000000000000133e-01 2.106420664532487219e+00
5.250000000000000222e-01 2.055318756125585455e+00
5.350000000000000311e-01 2.047142450780481404e+00
5.450000000000000400e-01 2.037944107267239069e+00
5.550000000000000488e-01 1.978665893515233032e+00
5.649999999999999467e-01 1.794699023250386993e+00
5.749999999999999556e-01 1.729288580489553029e+00
5.849999999999999645e-01 1.722134313312586595e+00
5.949999999999999734e-01 1.722134313312586595e+00
6.049999999999999822e-01 1.651613679711062321e+00
6.149999999999999911e-01 1.399681271265037052e+00
6.250000000000000000e-01 1.333759809420133946e+00
6.350000000000000089e-01 1.334781847588272008e+00
6.450000000000000178e-01 1.333759809420133946e+00
6.550000000000000266e-01 1.241776374287710816e+00
6.650000000000000355e-01 9.596938398816136084e-01
6.750000000000000444e-01 8.769087482624329244e-01
6.850000000000000533e-01 8.728205955898807877e-01
6.949999999999999512e-01 8.717985574217426148e-01
7.049999999999999600e-01 8.155864581741507635e-01
7.149999999999999689e-01 6.288600848553320688e-01
7.249999999999999778e-01 5.699906863705813675e-01
7.349999999999999867e-01 5.699906863705813675e-01
7.449999999999999956e-01 5.692752596528847242e-01
7.550000000000000044e-01 5.216482810176523710e-01
7.650000000000000133e-01 3.748836000730307316e-01
7.750000000000000222e-01 3.319579970112332967e-01
7.850000000000000311e-01 3.308337550262814841e-01
7.950000000000000400e-01 3.282786596059363848e-01
8.050000000000000488e-01 3.058960237237134394e-01
8.149999999999999467e-01 2.516257969955839058e-01
8.249999999999999556e-01 2.320026641673336165e-01
8.349999999999999645e-01 2.315938489000783918e-01
8.449999999999999734e-01 2.299585878310575482e-01
8.549999999999999822e-01 2.144236076753594511e-01
8.649999999999999911e-01 1.767103992710660210e-01
8.750000000000000000e-01 1.608688076649265053e-01
8.850000000000000089e-01 1.600511771304160558e-01
8.950000000000000178e-01 1.591313427790918278e-01
9.050000000000000266e-01 1.514660565180565854e-01
9.150000000000000355e-01 1.357266687287308482e-01
9.250000000000000444e-01 1.282657901013232182e-01
9.350000000000000533e-01 1.283679939181370244e-01
9.449999999999999512e-01 1.284701977349508306e-01
9.549999999999999600e-01 1.288790130022060276e-01
9.649999999999999689e-01 1.299010511703440618e-01
9.749999999999999778e-01 1.302076626207854804e-01
9.849999999999999867e-01 1.295944397199026710e-01
9.949999999999999956e-01 1.257106946809781189e-01
1.004999999999999893e+00 1.139572557473907538e-01
1.014999999999999902e+00 9.303613444560519807e-02
1.024999999999999911e+00 7.839032749618718432e-02
1.034999999999999920e+00 7.650977726681319757e-02
1.044999999999999929e+00 7.558994291548896960e-02
1.054999999999999938e+00 7.307572902186940111e-02
1.064999999999999947e+00 6.861964260878757049e-02
1.074999999999999956e+00 6.432708230260783533e-02
1.084999999999999964e+00 6.387738550862710751e-02
1.094999999999999973e+00 6.647336245569770985e-02
1.104999999999999982e+00 7.215589467054517314e-02
1.114999999999999991e+00 8.163018848918474069e-02
1.125000000000000000e+00 8.973495116251935244e-02
1.135000000000000009e+00 9.188123131560921308e-02
1.145000000000000018e+00 9.152351795676091917e-02
1.155000000000000027e+00 9.039927597180906493e-02
1.165000000000000036e+00 8.796682513164055806e-02
1.175000000000000044e+00 8.694478696350252389e-02
1.185000000000000053e+00 8.659729398633558839e-02
1.195000000000000062e+00 8.703677039863494391e-02
1.205000000000000071e+00 8.983715497933315863e-02
1.215000000000000080e+00 9.443632673595431237e-02
1.225000000000000089e+00 9.699142215629938391e-02
1.235000000000000098e+00 9.756376353045669025e-02
1.245000000000000107e+00 9.644974192718623607e-02
1.254999999999999893e+00 8.850850536075371977e-02
1.264999999999999902e+00 6.953947696011179846e-02
1.274999999999999911e+00 6.152669772190962061e-02
1.284999999999999920e+00 6.060686337058539264e-02
1.294999999999999929e+00 5.999364046970256936e-02
1.304999999999999938e+00 5.386141146087437132e-02
1.314999999999999947e+00 3.911340069464254443e-02
1.324999999999999956e+00 3.258257680024051473e-02
1.334999999999999964e+00 3.209199847953425611e-02
1.344999999999999973e+00 3.239860992997566774e-02
1.354999999999999982e+00 3.476973848005589923e-02
1.364999999999999991e+00 4.022742229791300556e-02
1.375000000000000000e+00 4.247590626781667933e-02
1.385000000000000009e+00 4.263943237471876091e-02
1.395000000000000018e+00 4.291538268011603485e-02
1.405000000000000027e+00 4.537849466532869330e-02
1.415000000000000036e+00 5.212394657503972156e-02
1.425000000000000044e+00 5.447463436175719459e-02
1.435000000000000053e+00 5.473014390379169619e-02
1.445000000000000062e+00 5.473014390379169619e-02
1.455000000000000071e+00 5.365700382724675893e-02
1.465000000000000080e+00 4.997766642194984010e-02
1.475000000000000089e+00 4.926223970425322451e-02
1.485000000000000098e+00 4.907827283398837753e-02
1.495000000000000107e+00 4.805623466585034337e-02
1.504999999999999893e+00 4.047271145826612793e-02
1.514999999999999902e+00 2.415076191310173287e-02
1.524999999999999911e+00 1.692495206436583563e-02
1.534999999999999920e+00 1.590291389622780147e-02
1.544999999999999929e+00 1.585181198782090184e-02
1.554999999999999938e+00 1.572916740764433718e-02
1.564999999999999947e+00 1.594379542295332533e-02
1.574999999999999956e+00 1.592335465959056340e-02
1.584999999999999964e+00 1.598467694967884573e-02
1.594999999999999973e+00 1.636283107188991545e-02
1.604999999999999982e+00 1.873395962197015735e-02
1.614999999999999991e+00 2.340467405036097265e-02
1.625000000000000000e+00 2.582690450884811070e-02
1.635000000000000009e+00 2.600065099743157498e-02
1.645000000000000018e+00 2.493773130256802043e-02
1.655000000000000027e+00 2.062473023302551986e-02
1.665000000000000036e+00 1.208049114739155779e-02
1.675000000000000044e+00 7.900355039706999372e-03
1.685000000000000053e+00 7.017314062435738194e-03
1.695000000000000062e+00 7.358674810593841993e-03
1.705000000000000071e+00 7.920795803069761304e-03
1.715000000000000080e+00 9.361869620144389059e-03
1.725000000000000089e+00 1.000881978057576414e-02
1.735000000000000098e+00 1.006400984165521650e-02
1.745000000000000107e+00 1.014270678060184665e-02
1.754999999999999893e+00 1.113612788003201515e-02
1.764999999999999902e+00 1.321495351402477390e-02
1.774999999999999911e+00 1.430853435393246963e-02
1.784999999999999920e+00 1.441073817074627582e-02
1.794999999999999929e+00 1.433919549897661079e-02
1.804999999999999938e+00 1.434941588065799176e-02
1.814999999999999947e+00 1.458448465932974010e-02
1.824999999999999956e+00 1.441073817074627582e-02
1.834999999999999964e+00 1.418588977375590844e-02
1.844999999999999973e+00 1.358288725455446787e-02
1.854999999999999982e+00 1.123219946783698964e-02
1.864999999999999991e+00 6.816994581480683747e-03
1.875000000000000000e+00 4.588951374939771038e-03
1.885000000000000009e+00 3.771320840429344488e-03
1.895000000000000018e+00 3.955287710694190169e-03
1.905000000000000027e+00 4.670714428390813563e-03
1.915000000000000036e+00 5.825617558386791614e-03
1.925000000000000044e+00 6.377518169181329959e-03
1.935000000000000053e+00 6.561485039446176074e-03
1.945000000000000062e+00 6.622807329534458401e-03
1.955000000000000071e+00 6.806774199799304516e-03
1.965000000000000080e+00 7.338234047231080928e-03
1.975000000000000089e+00 7.522200917495927043e-03
1.985000000000000098e+00 7.624404734309730633e-03
1.995000000000000107e+00 7.501760154133165978e-03
2.005999999999999783e+00 7.747049314486294420e-03
2.016000000000000014e+00 7.869693894662858208e-03
2.024999999999999911e+00 7.937148413759968768e-03
2.035000000000000142e+00 7.941236566432521501e-03
2.044999999999999929e+00 8.272376932909244335e-03
2.055000000000000160e+00 8.193679993962615926e-03
2.064000000000000057e+00 8.784418055146400034e-03
2.073999999999999844e+00 9.162572177357471495e-03
2.085999999999999854e+00 9.259665803330584602e-03
2.096000000000000085e+00 9.075698933065739354e-03
2.104999999999999982e+00 8.395021513085807255e-03
2.115000000000000213e+00 7.481319390770406648e-03
2.125000000000000000e+00 6.622807329534458401e-03
2.134999999999999787e+00 6.367297787499948993e-03
2.145000000000000018e+00 6.357077405818568894e-03
2.153999999999999915e+00 7.174707940328995878e-03
2.164000000000000146e+00 7.971897711476662665e-03
2.176000000000000156e+00 8.272376932909244335e-03
2.185999999999999943e+00 8.309170306962213731e-03
2.194999999999999840e+00 7.573302825902829272e-03
2.205000000000000071e+00 6.070906718739920056e-03
2.214999999999999858e+00 4.006389619101091530e-03
2.225000000000000089e+00 3.131524947174934952e-03
2.233999999999999986e+00 2.570425992867154692e-03
2.244000000000000217e+00 2.585756565389224840e-03
2.255999999999999783e+00 2.845354260096285681e-03
2.266000000000000014e+00 3.234750802156876291e-03
2.274999999999999911e+00 3.423827863262412889e-03
2.285000000000000142e+00 3.658896641934160799e-03
2.294999999999999929e+00 3.911340069464254790e-03
2.305000000000000160e+00 4.483681443621553332e-03
2.314000000000000057e+00 5.948262138563355401e-03
2.323999999999999844e+00 6.780201207427715218e-03
2.335999999999999854e+00 7.000961451745529862e-03
2.346000000000000085e+00 7.113385650240713551e-03
2.354999999999999982e+00 7.103165268559333452e-03
2.365000000000000213e+00 7.078636352524020521e-03
2.375000000000000000e+00 6.957013810515595351e-03
2.384999999999999787e+00 6.566595230286866557e-03
2.395000000000000018e+00 5.968702901926116466e-03
2.403999999999999915e+00 4.666626275718261697e-03
2.414000000000000146e+00 2.917918970034085856e-03
2.426000000000000156e+00 1.608688076649264671e-03
2.435999999999999943e+00 1.073140076544935309e-03
2.444999999999999840e+00 1.181476122367566915e-03
2.455000000000000071e+00 2.095178244682968823e-03
2.464999999999999858e+00 3.904185802287288374e-03
2.475000000000000089e+00 4.895562825381180941e-03
2.483999999999999986e+00 5.135741794893618900e-03
2.494000000000000217e+00 5.774515649979889385e-03
2.505999999999999783e+00 6.731143375357089356e-03
2.516000000000000014e+00 7.644845497672491698e-03
2.524999999999999911e+00 8.503357558908439945e-03
2.535000000000000142e+00 8.401153742094637222e-03
2.544999999999999929e+00 8.380712978731875290e-03
2.555000000000000160e+00 7.348454428912461894e-03
2.564000000000000057e+00 7.481319390770406648e-03
2.573999999999999844e+00 6.841523497515997546e-03
2.585999999999999854e+00 6.932484894480282420e-03
2.596000000000000085e+00 6.469501604313752582e-03
2.604999999999999982e+00 5.488344962901240548e-03
2.615000000000000213e+00 6.234432825642005106e-03
2.625000000000000000e+00 5.478124581219860449e-03
2.634999999999999787e+00 4.967105497150843367e-03
2.645000000000000018e+00 4.967105497150843367e-03
2.653999999999999915e+00 4.578730993258390072e-03
2.664000000000000146e+00 4.384543741312163859e-03
2.676000000000000156e+00 4.006389619101091530e-03
2.685999999999999943e+00 3.940979176340257337e-03
2.694999999999999840e+00 4.282339924498361136e-03
2.705000000000000071e+00 5.130631604052928417e-03
2.714999999999999858e+00 6.265093970686146270e-03
2.725000000000000089e+00 6.670843123436945646e-03
2.733999999999999986e+00 6.571705421127557040e-03
2.744000000000000217e+00 5.805176795024030549e-03
2.755999999999999783e+00 5.196042046813763478e-03
2.766000000000000014e+00 4.977325878832223466e-03
2.774999999999999911e+00 4.660494046709432597e-03
2.785000000000000142e+00 4.527629084851488711e-03
2.794999999999999929e+00 4.435645649719066087e-03
2.805000000000000160e+00 4.793359008567378218e-03
2.814000000000000057e+00 5.494477191910068781e-03
2.823999999999999844e+00 5.646760878962635982e-03
2.835999999999999854e+00 5.365700382724676760e-03
2.846000000000000085e+00 5.031493901743539811e-03
2.854999999999999982e+00 4.185246298525248029e-03
2.865000000000000213e+00 3.096775649458241922e-03
2.875000000000000000e+00 2.442671221849900421e-03
2.884999999999999787e+00 2.162632763780079383e-03
2.895000000000000018e+00 2.136059771408490085e-03
2.903999999999999915e+00 2.540786885991151711e-03
2.914000000000000146e+00 2.708401145565789061e-03
2.926000000000000156e+00 3.021144825016027630e-03
2.935999999999999943e+00 3.096775649458241922e-03
2.944999999999999840e+00 2.585756565389224840e-03
2.955000000000000071e+00 2.105398626364349355e-03
2.964999999999999858e+00 1.528969099534498296e-03
2.975000000000000089e+00 7.971897711476662448e-04
2.983999999999999986e+00 7.869693894662859292e-04
2.994000000000000217e+00 7.154267176966235030e-04
