0.000000000000000000e+00 0.000000000000000000e+00
5.000000000000000104e-03 9.470660105111821910e-04
1.499999999999999944e-02 4.257697194440963721e-03
2.500000000000000139e-02 7.553978893363001018e-03
3.500000000000000333e-02 1.136274219970451020e-02
4.499999999999999833e-02 1.498496220094532906e-02
5.500000000000000028e-02 2.262093815149544482e-02
6.500000000000000222e-02 3.411077578983998104e-02
7.499999999999999722e-02 4.041429956109947319e-02
8.500000000000000611e-02 4.403241970948093553e-02
9.500000000000000111e-02 4.708681008970098947e-02
1.049999999999999961e-01 5.058193465230177710e-02
1.150000000000000050e-01 5.534801360130285619e-02
1.250000000000000000e-01 5.859714699234230134e-02
1.350000000000000089e-01 6.119030392588482165e-02
1.449999999999999900e-01 6.488017149930501437e-02
1.549999999999999989e-01 8.039811457196659183e-02
1.650000000000000078e-01 1.063911817002821669e-01
1.749999999999999889e-01 1.161283322412520885e-01
1.849999999999999978e-01 1.176657770635105155e-01
1.950000000000000067e-01 1.192544700465108798e-01
2.049999999999999878e-01 1.221756152088018521e-01
2.149999999999999967e-01 1.271979349615126598e-01
2.250000000000000056e-01 1.305803135704811935e-01
2.349999999999999867e-01 1.326302400001590776e-01
2.449999999999999956e-01 1.341676848224174767e-01
2.550000000000000044e-01 1.360126186091275835e-01
2.650000000000000133e-01 1.389850119321605071e-01
2.750000000000000222e-01 1.411374346833222937e-01
2.849999999999999756e-01 1.429823684700323727e-01
2.949999999999999845e-01 1.493371404020338300e-01
3.049999999999999933e-01 1.687089451624897984e-01
3.150000000000000022e-01 1.930005733541727275e-01
3.250000000000000111e-01 2.128848597220482086e-01
3.350000000000000200e-01 2.206745801548241626e-01
3.449999999999999734e-01 2.275418336942451047e-01
3.549999999999999822e-01 2.374839768781828175e-01
3.649999999999999911e-01 2.432237708812808874e-01
3.750000000000000000e-01 2.441462377746359269e-01
3.850000000000000089e-01 2.459911715613460059e-01
3.950000000000000178e-01 2.516284692429602288e-01
4.050000000000000266e-01 2.867847075119359102e-01
4.149999999999999800e-01 3.438751585784649567e-01
4.249999999999999889e-01 3.697042315924062850e-01
4.349999999999999978e-01 3.686792683775673707e-01
4.450000000000000067e-01 3.651943934471149622e-01
4.550000000000000155e-01 3.847711908505387357e-01
4.650000000000000244e-01 4.524187630299089657e-01
4.749999999999999778e-01 4.922898320871437194e-01
4.849999999999999867e-01 4.991570856265646894e-01
4.949999999999999956e-01 4.991570856265646894e-01
5.050000000000000044e-01 5.622948196606435411e-01
5.150000000000000133e-01 7.810219697072736666e-01
5.250000000000000222e-01 8.507194683163217253e-01
5.350000000000000311e-01 8.558442843905164077e-01
5.450000000000000400e-01 8.578942108201943473e-01
5.550000000000000488e-01 9.675652748079610621e-01
5.649999999999999467e-01 1.365251002165470462e+00
5.749999999999999556e-01 1.469387264793106995e+00
5.849999999999999645e-01 1.465697397219686726e+00
5.949999999999999734e-01 1.467747323649364555e+00
6.049999999999999822e-01 1.574958475921517831e+00
6.149999999999999911e-01 1.881832462444297249e+00
6.250000000000000000e-01 1.964854482846251305e+00
6.350000000000000089e-01 1.965879446061090219e+00
6.450000000000000178e-01 1.967929372490768047e+00
6.550000000000000266e-01 2.037626871099816217e+00
6.650000000000000355e-01 2.257993962290188783e+00
6.750000000000000444e-01 2.323591608039881073e+00
6.850000000000000533e-01 2.326666497684398038e+00
6.949999999999999512e-01 2.322566644825041937e+00
7.049999999999999600e-01 2.326666497684398038e+00
7.149999999999999689e-01 2.347165761981176768e+00
7.249999999999999778e-01 2.350240651625693289e+00
7.349999999999999867e-01 2.346140798766337632e+00
7.449999999999999956e-01 2.344090872336660247e+00
7.550000000000000044e-01 2.330766350543753695e+00
7.650000000000000133e-01 2.257993962290188783e+00
7.750000000000000222e-01 2.241594550852765710e+00
7.850000000000000311e-01 2.238519661208248746e+00
7.950000000000000400e-01 2.233394845134054396e+00
8.050000000000000488e-01 2.212895580837275666e+00
8.149999999999999467e-01 2.126798670790804202e+00
8.249999999999999556e-01 2.105274443279186336e+00
8.349999999999999645e-01 2.102199553634669815e+00
8.449999999999999734e-01 2.097074737560475022e+00
8.549999999999999822e-01 2.019177533232715316e+00
8.649999999999999911e-01 1.697339083773287349e+00
8.750000000000000000e-01 1.629691511593917674e+00
8.850000000000000089e-01 1.624566695519722659e+00
8.950000000000000178e-01 1.617391953015850037e+00
9.050000000000000266e-01 1.586643056570681942e+00
9.150000000000000355e-01 1.466209878827106294e+00
9.250000000000000444e-01 1.422648942196451216e+00
9.350000000000000533e-01 1.419574052551934251e+00
9.449999999999999512e-01 1.413834258548836376e+00
9.549999999999999600e-01 1.327839844823849091e+00
9.649999999999999689e-01 1.008563803401518744e+00
9.749999999999999778e-01 9.219544117476281553e-01
9.849999999999999867e-01 9.163171140660140157e-01
9.949999999999999956e-01 9.188795221031114124e-01
1.004999999999999893e+00 7.956789436794705628e-01
1.014999999999999902e+00 4.263846973729997769e-01
1.024999999999999911e+00 3.333180374656238842e-01
1.034999999999999920e+00 3.288081993203325060e-01
1.044999999999999929e+00 3.251183317469123479e-01
1.054999999999999938e+00 2.908845603712916783e-01
1.064999999999999947e+00 1.845958749924934139e-01
1.074999999999999956e+00 1.536419859043573755e-01
1.084999999999999964e+00 1.516945557961633939e-01
1.094999999999999973e+00 1.508233370635502779e-01
1.104999999999999982e+00 1.462622507575170039e-01
1.114999999999999991e+00 1.312977878208684557e-01
1.125000000000000000e+00 1.270954386400287850e-01
1.135000000000000009e+00 1.263779643896415228e-01
1.145000000000000018e+00 1.254554974962864833e-01
1.155000000000000027e+00 1.121309757033802229e-01
1.165000000000000036e+00 7.184992136020981746e-02
1.175000000000000044e+00 6.078031863994924622e-02
1.185000000000000053e+00 6.006284438956199095e-02
1.195000000000000062e+00 5.947861535710378955e-02
1.205000000000000071e+00 5.770542899543242704e-02
1.215000000000000080e+00 5.356457760748310065e-02
1.225000000000000089e+00 5.176064234936656600e-02
1.235000000000000098e+00 5.073567913452761702e-02
1.245000000000000107e+00 4.863450454410778862e-02
1.254999999999999893e+00 4.171600284394493680e-02
1.264999999999999902e+00 2.785850017932243669e-02
1.274999999999999911e+00 2.138073266154032551e-02
1.284999999999999920e+00 1.986378710357869157e-02
1.294999999999999929e+00 1.896181947452042424e-02
1.304999999999999938e+00 1.730137906648133994e-02
1.314999999999999947e+00 1.444173169708069110e-02
1.324999999999999956e+00 1.283253944978355286e-02
1.334999999999999964e+00 1.229955857806730272e-02
1.344999999999999973e+00 1.239590512026216181e-02
1.354999999999999982e+00 1.308878025349328490e-02
1.364999999999999991e+00 1.464672434004847881e-02
1.375000000000000000e+00 1.549744380836479835e-02
1.385000000000000009e+00 1.590742909430037724e-02
1.395000000000000018e+00 1.658390481609407774e-02
1.405000000000000027e+00 1.910531432459787460e-02
1.415000000000000036e+00 2.441462377746359338e-02
1.425000000000000044e+00 2.707952813604484407e-02
1.435000000000000053e+00 2.658754579292215217e-02
1.445000000000000062e+00 2.505010097066373564e-02
1.455000000000000071e+00 2.306167233387618892e-02
1.465000000000000080e+00 2.085800142197246840e-02
1.475000000000000089e+00 1.862358161362357226e-02
1.485000000000000098e+00 1.741412502011362162e-02
1.495000000000000107e+00 1.588692983000359812e-02
1.504999999999999893e+00 1.394974935395799746e-02
1.514999999999999902e+00 1.206381703865434460e-02
1.524999999999999911e+00 1.031112994127975600e-02
1.534999999999999920e+00 9.280016947151779189e-03
1.544999999999999929e+00 8.886431072653626362e-03
1.554999999999999938e+00 8.824933279763289007e-03
1.564999999999999947e+00 8.900780557661370704e-03
1.574999999999999956e+00 8.974577909129774142e-03
1.584999999999999964e+00 8.962278350551708059e-03
1.594999999999999973e+00 8.999177026285909778e-03
1.604999999999999982e+00 8.958178497692351541e-03
1.614999999999999991e+00 8.886431072653626362e-03
1.625000000000000000e+00 8.613790857506466517e-03
1.635000000000000009e+00 8.192530976207661533e-03
1.645000000000000018e+00 7.482231468324274971e-03
1.655000000000000027e+00 6.816005378678963167e-03
1.665000000000000036e+00 6.042158151475561859e-03
1.675000000000000044e+00 5.391306510052833526e-03
1.685000000000000053e+00 4.923923284086276393e-03
1.695000000000000062e+00 4.728155310052038242e-03
1.705000000000000071e+00 4.807077477594637327e-03
1.715000000000000080e+00 4.954672180531445071e-03
1.725000000000000089e+00 5.131990816698581495e-03
1.735000000000000098e+00 5.206813131381824930e-03
1.745000000000000107e+00 5.119691258120514545e-03
1.754999999999999893e+00 4.981321224117257231e-03
1.764999999999999902e+00 4.714830788259132162e-03
1.774999999999999911e+00 4.410416713451966245e-03
1.784999999999999920e+00 4.263846973729997630e-03
1.794999999999999929e+00 4.240272819788701991e-03
1.804999999999999938e+00 4.209523923343534181e-03
1.814999999999999947e+00 4.222848445136440261e-03
1.824999999999999956e+00 4.227973261210635041e-03
1.834999999999999964e+00 4.151101020097714214e-03
1.844999999999999973e+00 3.983007052864127352e-03
1.854999999999999982e+00 3.669368309123411873e-03
1.864999999999999991e+00 3.413127505413676363e-03
1.875000000000000000e+00 3.156886701703941287e-03
1.885000000000000009e+00 2.895521081920010564e-03
1.895000000000000018e+00 2.822748693666445822e-03
1.905000000000000027e+00 2.900645897994205344e-03
1.915000000000000036e+00 2.982642955181320516e-03
1.925000000000000044e+00 3.048240600931013088e-03
1.935000000000000053e+00 3.109738393821349575e-03
1.945000000000000062e+00 3.105638540961993925e-03
1.955000000000000071e+00 3.013391851626488760e-03
1.965000000000000080e+00 2.938569536943246192e-03
1.975000000000000089e+00 2.839148105103868856e-03
1.985000000000000098e+00 2.767400680065142810e-03
1.995000000000000107e+00 2.675153990729638078e-03
2.005999999999999783e+00 2.603406565690912465e-03
2.016000000000000014e+00 2.531659140652186418e-03
2.024999999999999911e+00 2.500910244207018174e-03
2.035000000000000142e+00 2.459911715613460371e-03
2.044999999999999929e+00 2.596231823187039427e-03
2.055000000000000160e+00 2.969318433388414436e-03
2.064000000000000057e+00 3.597620884084685826e-03
2.073999999999999844e+00 3.679617941271800998e-03
2.085999999999999854e+00 3.683717794131156648e-03
2.096000000000000085e+00 3.597620884084685826e-03
2.104999999999999982e+00 3.331130448226560757e-03
2.115000000000000213e+00 2.962143690884541831e-03
2.125000000000000000e+00 2.675153990729638078e-03
2.134999999999999787e+00 2.275418336942450909e-03
2.145000000000000018e+00 2.034551981455299738e-03
2.153999999999999915e+00 1.931030696756566318e-03
2.164000000000000146e+00 1.844933786710095279e-03
2.176000000000000156e+00 1.752687097374590330e-03
2.185999999999999943e+00 1.650190775890696040e-03
2.194999999999999840e+00 1.594842762289393461e-03
2.205000000000000071e+00 1.516945557961633939e-03
2.214999999999999858e+00 1.414449236477739649e-03
2.225000000000000089e+00 1.337576995364819039e-03
2.233999999999999986e+00 1.322202547142234917e-03
2.244000000000000217e+00 1.332452179290624259e-03
2.255999999999999783e+00 1.373450707884182062e-03
2.266000000000000014e+00 1.414449236477739649e-03
2.274999999999999911e+00 1.465697397219686794e-03
2.285000000000000142e+00 1.486196661516465695e-03
2.294999999999999929e+00 1.506695925813244380e-03
2.305000000000000160e+00 1.578443350851970644e-03
2.314000000000000057e+00 1.643016033386823869e-03
2.323999999999999844e+00 1.698364046988126447e-03
2.335999999999999854e+00 1.711688568781032744e-03
2.346000000000000085e+00 1.624566695519722576e-03
2.354999999999999982e+00 1.557944086555191525e-03
2.365000000000000213e+00 1.442123243278391155e-03
2.375000000000000000e+00 1.322202547142234917e-03
2.384999999999999787e+00 1.229955857806730186e-03
2.395000000000000018e+00 1.158208432768004356e-03
2.403999999999999915e+00 1.081336191655083746e-03
2.414000000000000146e+00 9.942143183937735777e-04
2.426000000000000156e+00 9.327165255034369816e-04
2.435999999999999943e+00 9.224668933550476393e-04
2.444999999999999840e+00 9.901144655344179275e-04
2.455000000000000071e+00 1.093635750233150914e-03
2.464999999999999858e+00 1.250455122103509087e-03
2.475000000000000089e+00 1.386775229677088142e-03
2.483999999999999986e+00 1.533344969399056974e-03
2.494000000000000217e+00 1.729112943433294691e-03
2.505999999999999783e+00 1.865433051006873963e-03
2.516000000000000014e+00 2.218020396911470071e-03
2.524999999999999911e+00 2.408663554871513009e-03
2.535000000000000142e+00 2.552158404948965103e-03
2.544999999999999929e+00 2.552158404948965103e-03
2.555000000000000160e+00 2.077600436478534932e-03
2.564000000000000057e+00 1.803935258116537693e-03
2.573999999999999844e+00 1.373450707884182062e-03
2.585999999999999854e+00 1.229955857806730186e-03
2.596000000000000085e+00 1.188957329213172600e-03
2.604999999999999982e+00 1.172557917775749565e-03
2.615000000000000213e+00 1.203306814220917592e-03
2.625000000000000000e+00 1.250455122103509087e-03
2.634999999999999787e+00 1.281204018548677331e-03
2.645000000000000018e+00 1.295553503556422324e-03
2.653999999999999915e+00 1.270954386400287772e-03
2.664000000000000146e+00 1.168458064916393481e-03
2.676000000000000156e+00 1.124384646678319158e-03
2.685999999999999943e+00 1.127459536322835895e-03
2.694999999999999840e+00 1.137709168471225454e-03
2.705000000000000071e+00 1.147958800619614797e-03
2.714999999999999858e+00 1.168458064916393481e-03
2.725000000000000089e+00 1.229955857806730186e-03
2.733999999999999986e+00 1.240205489955119528e-03
2.744000000000000217e+00 1.229955857806730186e-03
2.755999999999999783e+00 1.209456593509951284e-03
2.766000000000000014e+00 1.264804607111254297e-03
2.774999999999999911e+00 1.188957329213172600e-03
2.785000000000000142e+00 1.234055710666085836e-03
2.794999999999999929e+00 1.332452179290624259e-03
2.805000000000000160e+00 1.578443350851970644e-03
2.814000000000000057e+00 2.065300877900467548e-03
2.823999999999999844e+00 2.080675326123051887e-03
2.835999999999999854e+00 2.121673854716609256e-03
2.846000000000000085e+00 1.947430108193989569e-03
2.854999999999999982e+00 1.686064488410059280e-03
2.865000000000000213e+00 1.404199604329350089e-03
2.875000000000000000e+00 1.184857476353816733e-03
2.884999999999999787e+00 1.086461007729278309e-03
2.895000000000000018e+00 9.901144655344179275e-04
2.903999999999999915e+00 9.224668933550476393e-04
2.914000000000000146e+00 8.671188797537448438e-04
2.926000000000000156e+00 8.373949465234154042e-04
2.935999999999999943e+00 8.250953879453480199e-04
2.944999999999999840e+00 8.199705718711534572e-04
2.955000000000000071e+00 8.199705718711534572e-04
2.964999999999999858e+00 8.066460500782471604e-04
2.975000000000000089e+00 8.373949465234154042e-04
2.983999999999999986e+00 8.712187326131004940e-04
2.994000000000000217e+00 8.199705718711534572e-04
