0.000000000000000000e+00 0.000000000000000000e+00
5.000000000000000104e-03 2.579604894681084958e-03
1.499999999999999944e-02 1.141059100590786392e-02
2.500000000000000139e-02 2.151057629919550171e-02
3.500000000000000333e-02 2.961344812563326129e-02
4.499999999999999833e-02 3.474145301707590172e-02
5.500000000000000028e-02 4.248026770111915790e-02
6.500000000000000222e-02 5.419250605358246625e-02
7.499999999999999722e-02 5.530548074604568071e-02
8.500000000000000611e-02 5.277788401456380563e-02
9.500000000000000111e-02 5.086398360883268022e-02
1.049999999999999961e-01 5.007345952820460577e-02
1.150000000000000050e-01 4.905409952949998931e-02
1.250000000000000000e-01 4.771228891896022589e-02
1.350000000000000089e-01 4.654730606329780113e-02
1.449999999999999900e-01 5.104081136371001193e-02
1.549999999999999989e-01 6.680968644571214088e-02
1.650000000000000078e-01 9.257453049460344363e-02
1.749999999999999889e-01 1.104653386351335670e-01
1.849999999999999978e-01 1.151460733230629391e-01
1.950000000000000067e-01 1.141059100590786496e-01
2.049999999999999878e-01 1.106733712879304221e-01
2.149999999999999967e-01 1.044323917040245603e-01
2.250000000000000056e-01 1.006357957904818468e-01
2.349999999999999867e-01 9.989727987305298262e-02
2.449999999999999956e-01 1.012806970141521129e-01
2.550000000000000044e-01 1.093211590447508291e-01
2.650000000000000133e-01 1.228432814765468284e-01
2.750000000000000222e-01 1.287722120812573867e-01
2.849999999999999756e-01 1.285641794284605177e-01
2.949999999999999845e-01 1.295003263660464143e-01
3.049999999999999933e-01 1.405260569642800828e-01
3.150000000000000022e-01 1.637216977511301574e-01
3.250000000000000111e-01 1.768277548773324326e-01
3.350000000000000200e-01 1.780759507941136188e-01
3.449999999999999734e-01 1.766717303877347878e-01
3.549999999999999822e-01 1.873854120067731666e-01
3.649999999999999911e-01 2.173941221727204443e-01
3.750000000000000000e-01 2.343487833756646710e-01
3.850000000000000089e-01 2.372612405148207537e-01
3.950000000000000178e-01 2.381973874524066226e-01
4.050000000000000266e-01 2.545279506969602701e-01
4.149999999999999800e-01 3.089284894033396123e-01
4.249999999999999889e-01 3.288996240718383146e-01
4.349999999999999978e-01 3.295237220302288939e-01
4.450000000000000067e-01 3.297317546830257906e-01
4.550000000000000155e-01 3.382610934476971143e-01
4.650000000000000244e-01 3.656173872904844302e-01
4.749999999999999778e-01 3.730025464647730438e-01
4.849999999999999867e-01 3.725864811591793058e-01
4.949999999999999956e-01 3.749788566663432299e-01
5.050000000000000044e-01 4.031672811203179663e-01
5.150000000000000133e-01 4.788911667383755622e-01
5.250000000000000222e-01 5.034390197684052159e-01
5.350000000000000311e-01 5.031269707892099818e-01
5.450000000000000400e-01 5.023988565044209542e-01
5.550000000000000488e-01 5.242422850480914498e-01
5.649999999999999467e-01 5.897725706791028255e-01
5.749999999999999556e-01 6.147364890147263283e-01
5.849999999999999645e-01 6.161927175843042725e-01
5.949999999999999734e-01 6.147364890147263283e-01
6.049999999999999822e-01 6.297148400161003412e-01
6.149999999999999911e-01 6.920206195287604833e-01
6.250000000000000000e-01 7.121997868500560269e-01
6.350000000000000089e-01 7.118877378708607928e-01
6.450000000000000178e-01 7.106395419540796343e-01
6.550000000000000266e-01 6.979495501334709306e-01
6.650000000000000355e-01 6.507261379485833608e-01
6.750000000000000444e-01 6.397004073503497201e-01
6.850000000000000533e-01 6.391803257183575893e-01
6.949999999999999512e-01 6.391803257183575893e-01
7.049999999999999600e-01 6.638321950747856359e-01
7.149999999999999689e-01 7.777300724810674026e-01
7.249999999999999778e-01 8.035261214278782704e-01
7.349999999999999867e-01 8.026939908166907944e-01
7.449999999999999956e-01 8.030060397958861396e-01
7.550000000000000044e-01 8.258896316035407859e-01
7.650000000000000133e-01 9.351067743218932637e-01
7.750000000000000222e-01 9.594465946991260763e-01
7.850000000000000311e-01 9.590305293935325048e-01
7.950000000000000400e-01 9.594465946991260763e-01
8.050000000000000488e-01 1.026641141552512515e+00
8.149999999999999467e-01 1.340770447275773769e+00
8.249999999999999556e-01 1.410981467594714545e+00
8.349999999999999645e-01 1.409421222698737930e+00
8.449999999999999734e-01 1.407340896170769406e+00
8.549999999999999822e-01 1.417742528810612468e+00
8.649999999999999911e-01 1.471831018537796520e+00
8.750000000000000000e-01 1.484833059337600236e+00
8.850000000000000089e-01 1.482232651177639582e+00
8.950000000000000178e-01 1.481608553219248892e+00
9.050000000000000266e-01 1.580007997992164626e+00
9.150000000000000355e-01 1.964868405666358786e+00
9.250000000000000444e-01 2.064724079008852353e+00
9.350000000000000533e-01 2.064724079008852353e+00
9.449999999999999512e-01 2.063683915744868091e+00
9.549999999999999600e-01 2.066804405536820877e+00
9.649999999999999689e-01 2.094888813664397276e+00
9.749999999999999778e-01 2.100089629984318584e+00
9.849999999999999867e-01 2.101129793248302846e+00
9.949999999999999956e-01 2.098009303456350061e+00
1.004999999999999893e+00 1.950306119970578234e+00
1.014999999999999902e+00 1.293963100396479771e+00
1.024999999999999911e+00 1.147300080174692205e+00
1.034999999999999920e+00 1.146259916910707943e+00
1.044999999999999929e+00 1.145219753646723682e+00
1.054999999999999938e+00 1.119735753679108159e+00
1.064999999999999947e+00 1.001677223216889123e+00
1.074999999999999956e+00 9.715124885613440897e-01
1.084999999999999964e+00 9.694321620333754552e-01
1.094999999999999973e+00 9.694321620333754552e-01
1.104999999999999982e+00 1.003757549744857647e+00
1.114999999999999991e+00 1.173720227079893652e+00
1.125000000000000000e+00 1.213350447437695934e+00
1.135000000000000009e+00 1.213350447437695934e+00
1.145000000000000018e+00 1.211790202541719541e+00
1.155000000000000027e+00 1.176424651566252866e+00
1.165000000000000036e+00 9.990768150569283579e-01
1.175000000000000044e+00 9.590305293935325048e-01
1.185000000000000053e+00 9.590305293935325048e-01
1.195000000000000062e+00 9.569502028655637593e-01
1.205000000000000071e+00 9.527895498096264904e-01
1.215000000000000080e+00 9.184641620981442989e-01
1.225000000000000089e+00 9.122231825142385064e-01
1.235000000000000098e+00 9.118071172086447129e-01
1.245000000000000107e+00 9.091026927222854992e-01
1.254999999999999893e+00 8.342109377154153238e-01
1.264999999999999902e+00 5.392206360494655737e-01
1.274999999999999911e+00 4.670333055289545010e-01
1.284999999999999920e+00 4.662011749177670250e-01
1.294999999999999929e+00 4.639128157370016048e-01
1.304999999999999938e+00 4.396770116861671851e-01
1.314999999999999947e+00 3.529273954698758931e-01
1.324999999999999956e+00 3.275474118286587077e-01
1.334999999999999964e+00 3.267152812174712873e-01
1.344999999999999973e+00 3.249470036686979424e-01
1.354999999999999982e+00 3.170417628624171980e-01
1.364999999999999991e+00 2.877091588180596959e-01
1.375000000000000000e+00 2.735629384278731036e-01
1.385000000000000009e+00 2.728348241430840759e-01
1.395000000000000018e+00 2.720026935318966554e-01
1.405000000000000027e+00 2.673219588439672556e-01
1.415000000000000036e+00 2.505753302938198979e-01
1.425000000000000044e+00 2.450624649947030775e-01
1.435000000000000053e+00 2.442303343835156015e-01
1.445000000000000062e+00 2.418379588763517052e-01
1.455000000000000071e+00 2.263395262429855337e-01
1.465000000000000080e+00 1.791161140580979083e-01
1.475000000000000089e+00 1.594570283687944956e-01
1.485000000000000098e+00 1.578967834728180197e-01
1.495000000000000107e+00 1.543602283752713855e-01
1.504999999999999893e+00 1.394858937002957655e-01
1.514999999999999902e+00 8.734250927676237564e-02
1.524999999999999911e+00 6.511422032541772098e-02
1.534999999999999920e+00 6.453172889758650166e-02
1.544999999999999929e+00 6.497899910109974919e-02
1.554999999999999938e+00 6.537426114141378641e-02
1.564999999999999947e+00 6.765221868953942563e-02
1.574999999999999956e+00 6.927487338135494832e-02
1.584999999999999964e+00 6.948290603415180344e-02
1.594999999999999973e+00 6.937888970775336894e-02
1.604999999999999982e+00 6.993017623766506485e-02
1.614999999999999991e+00 7.152162603156105025e-02
1.625000000000000000e+00 7.171925705171806886e-02
1.635000000000000009e+00 7.117837215444622334e-02
1.645000000000000018e+00 6.869238195352372900e-02
1.655000000000000027e+00 6.100557543267969007e-02
1.665000000000000036e+00 3.601045219913676099e-02
1.675000000000000044e+00 2.390295180635940847e-02
1.685000000000000053e+00 2.343487833756647057e-02
1.695000000000000062e+00 2.357009956188443195e-02
1.705000000000000071e+00 2.450624649947030775e-02
1.715000000000000080e+00 2.712745792471076348e-02
1.725000000000000089e+00 2.798039180117789515e-02
1.735000000000000098e+00 2.794918690325837174e-02
1.745000000000000107e+00 2.812601465813570345e-02
1.754999999999999893e+00 2.857328486164895445e-02
1.764999999999999902e+00 3.016473465554494679e-02
1.774999999999999911e+00 3.018553792082463369e-02
1.784999999999999920e+00 3.002951343122698888e-02
1.794999999999999929e+00 2.973826771731137922e-02
1.804999999999999938e+00 2.873971098388644271e-02
1.814999999999999947e+00 2.678420404759594697e-02
1.824999999999999956e+00 2.613930282392567042e-02
1.834999999999999964e+00 2.558801629401398839e-02
1.844999999999999973e+00 2.502632813146245944e-02
1.854999999999999982e+00 2.247792813470090439e-02
1.864999999999999991e+00 1.580007997992164542e-02
1.875000000000000000e+00 1.122336161839068702e-02
1.885000000000000009e+00 1.088010774127586532e-02
1.895000000000000018e+00 1.056493827228862162e-02
1.905000000000000027e+00 1.060966529263994602e-02
1.915000000000000036e+00 1.153541059758598011e-02
1.925000000000000044e+00 1.184121859719736679e-02
1.935000000000000053e+00 1.195147590317970424e-02
1.945000000000000062e+00 1.226976586195890374e-02
1.955000000000000071e+00 1.290842610604526867e-02
1.965000000000000080e+00 1.463509712425922066e-02
1.975000000000000089e+00 1.600811263271850748e-02
1.985000000000000098e+00 1.598730936743882058e-02
1.995000000000000107e+00 1.581048161256148887e-02
2.005999999999999783e+00 1.510317059305216029e-02
2.016000000000000014e+00 1.323087671788040348e-02
2.024999999999999911e+00 1.170183671982347011e-02
2.035000000000000142e+00 1.144491639361934661e-02
2.044999999999999929e+00 1.109854202671257256e-02
2.055000000000000160e+00 1.016239508912669329e-02
2.064000000000000057e+00 8.165281622276822013e-03
2.073999999999999844e+00 7.204170766355320540e-03
2.085999999999999854e+00 7.062708562453454478e-03
2.096000000000000085e+00 7.041905297173769313e-03
2.104999999999999982e+00 7.208331419411258441e-03
2.115000000000000213e+00 8.388916724033447514e-03
2.125000000000000000e+00 8.966207335544738172e-03
2.134999999999999787e+00 8.971408151864659897e-03
2.145000000000000018e+00 9.262653865780266088e-03
2.153999999999999915e+00 9.496690600176736774e-03
2.164000000000000146e+00 9.491489783856815049e-03
2.176000000000000156e+00 9.275135824948078922e-03
2.185999999999999943e+00 9.138874437366134584e-03
2.194999999999999840e+00 8.971408151864659897e-03
2.205000000000000071e+00 8.370193785281729998e-03
2.214999999999999858e+00 6.989897133974552063e-03
2.225000000000000089e+00 6.116159992227733488e-03
2.233999999999999986e+00 6.053750196388675391e-03
2.244000000000000217e+00 5.945573216934307327e-03
2.255999999999999783e+00 5.796829870184551023e-03
2.266000000000000014e+00 5.221619585201228882e-03
2.274999999999999911e+00 4.951177136565307856e-03
2.285000000000000142e+00 4.982382034484837338e-03
2.294999999999999929e+00 5.009426279348429788e-03
2.305000000000000160e+00 5.367242442159031977e-03
2.314000000000000057e+00 6.230577951266007969e-03
2.323999999999999844e+00 6.740257950618318804e-03
2.335999999999999854e+00 6.789145624025581978e-03
2.346000000000000085e+00 6.771462848537847419e-03
2.354999999999999982e+00 6.621679338524107290e-03
2.365000000000000213e+00 6.438610604062869162e-03
2.375000000000000000e+00 6.454213053022634337e-03
2.384999999999999787e+00 6.324192645024595549e-03
2.395000000000000018e+00 6.220176318626164519e-03
2.403999999999999915e+00 5.474379258349415349e-03
2.414000000000000146e+00 3.937017954180607043e-03
2.426000000000000156e+00 2.938461220755671406e-03
2.435999999999999943e+00 2.833404731093256117e-03
2.444999999999999840e+00 2.933260404435750115e-03
2.455000000000000071e+00 3.354526526349394661e-03
2.464999999999999858e+00 4.333320157758628957e-03
2.475000000000000089e+00 4.940775503925465273e-03
2.483999999999999986e+00 5.096799993523110951e-03
2.494000000000000217e+00 5.138406524082483884e-03
2.505999999999999783e+00 5.720897951913697134e-03
2.516000000000000014e+00 6.917085705495651382e-03
2.524999999999999911e+00 7.929164561352381943e-03
2.535000000000000142e+00 7.998855500039332017e-03
2.544999999999999929e+00 7.786662194186532923e-03
2.555000000000000160e+00 6.865077542296436734e-03
2.564000000000000057e+00 5.190414687281699399e-03
2.573999999999999844e+00 4.087841627458331864e-03
2.585999999999999854e+00 3.893331097093266462e-03
2.596000000000000085e+00 3.734186117703667141e-03
2.604999999999999982e+00 3.401333873228688884e-03
2.615000000000000213e+00 2.829244078037319084e-03
2.625000000000000000e+00 2.465186935642810911e-03
2.634999999999999787e+00 2.448544323419062346e-03
2.645000000000000018e+00 2.418379588763517121e-03
2.653999999999999915e+00 2.288359180765478767e-03
2.664000000000000146e+00 2.652416323159986506e-03
2.676000000000000156e+00 2.690902363927406230e-03
2.685999999999999943e+00 2.569203262041241942e-03
2.694999999999999840e+00 2.714826118999045038e-03
2.705000000000000071e+00 3.260911832590807514e-03
2.714999999999999858e+00 3.905813056261077994e-03
2.725000000000000089e+00 4.233464484416135827e-03
2.733999999999999986e+00 4.306275912895036508e-03
2.744000000000000217e+00 4.285472647615350475e-03
2.755999999999999783e+00 4.909570606005935790e-03
2.766000000000000014e+00 6.001742033189459875e-03
2.774999999999999911e+00 6.745458766938240529e-03
2.785000000000000142e+00 7.055427419605565104e-03
2.794999999999999929e+00 6.698651420058945871e-03
2.805000000000000160e+00 6.303389379744909517e-03
2.814000000000000057e+00 6.100557543267969181e-03
2.823999999999999844e+00 6.069352645348440566e-03
2.835999999999999854e+00 5.883163421095248362e-03
2.846000000000000085e+00 5.554471829676207138e-03
2.854999999999999982e+00 4.670333055289545114e-03
2.865000000000000213e+00 3.279634771342524596e-03
2.875000000000000000e+00 2.752271996502480503e-03
2.884999999999999787e+00 2.496391833562340394e-03
2.895000000000000018e+00 2.312282935837117574e-03
2.903999999999999915e+00 2.554640976345461459e-03
2.914000000000000146e+00 2.690902363927406230e-03
2.926000000000000156e+00 2.454785303002967895e-03
2.935999999999999943e+00 2.263395262429855267e-03
2.944999999999999840e+00 2.064724079008852398e-03
2.955000000000000071e+00 2.132334691167832221e-03
2.964999999999999858e+00 2.423580405083438846e-03
2.975000000000000089e+00 2.355969792924459023e-03
2.983999999999999986e+00 2.387174690843987639e-03
2.994000000000000217e+00 2.080326527968617140e-03
