0.000000000000000000e+00 0.000000000000000000e+00
5.000000000000000104e-03 1.345400683215428961e-03
1.499999999999999944e-02 7.941391298679835453e-02
2.500000000000000139e-02 1.620527564502179663e-01
3.500000000000000333e-02 2.330012269358855137e-01
4.499999999999999833e-02 3.052598254276804868e-01
5.500000000000000028e-02 4.938174792326293638e-01
6.500000000000000222e-02 1.111593223660388263e+00
7.499999999999999722e-02 1.209348928732969952e+00
8.500000000000000611e-02 1.198666346529162041e+00
9.500000000000000111e-02 1.219426836472411235e+00
1.049999999999999961e-01 1.369587661790088395e+00
1.150000000000000050e-01 1.658823613912056905e+00
1.250000000000000000e-01 1.773711762141689352e+00
1.350000000000000089e-01 1.788828623750851055e+00
1.449999999999999900e-01 1.848288279413555557e+00
1.549999999999999989e-01 2.054885388072104746e+00
1.650000000000000078e-01 2.403580995856777758e+00
1.749999999999999889e-01 2.617232639932935534e+00
1.849999999999999978e-01 2.658552061664645638e+00
1.950000000000000067e-01 2.680723458691416372e+00
2.049999999999999878e-01 2.728089625066791424e+00
2.149999999999999967e-01 2.786541489955551398e+00
2.250000000000000056e-01 2.824837539365428807e+00
2.349999999999999867e-01 2.854063471809809016e+00
2.449999999999999956e-01 2.851040099487976320e+00
2.550000000000000044e-01 2.778479163763998283e+00
2.650000000000000133e-01 2.663591015534366058e+00
2.750000000000000222e-01 2.570874264331505454e+00
2.849999999999999756e-01 2.531570424147683518e+00
2.949999999999999845e-01 2.471102977711035376e+00
3.049999999999999933e-01 2.372339481864508937e+00
3.150000000000000022e-01 2.249389007443324040e+00
3.250000000000000111e-01 2.154656674692574825e+00
3.350000000000000200e-01 2.113337252960864721e+00
3.449999999999999734e-01 2.110313880639032469e+00
3.549999999999999822e-01 2.102251554447479354e+00
3.649999999999999911e-01 2.085119111290429039e+00
3.750000000000000000e-01 2.049846434202383882e+00
3.850000000000000089e-01 1.988371196991791434e+00
3.950000000000000178e-01 1.894646655014986303e+00
4.050000000000000266e-01 1.791851996072683750e+00
4.149999999999999800e-01 1.669909312425442716e+00
4.249999999999999889e-01 1.545447151843341027e+00
4.349999999999999978e-01 1.452226505253507938e+00
4.450000000000000067e-01 1.366564289468255922e+00
4.550000000000000155e-01 1.274855329039339180e+00
4.650000000000000244e-01 1.149486156760687772e+00
4.749999999999999778e-01 1.011821937039918184e+00
4.849999999999999867e-01 9.654635614384876607e-01
4.949999999999999956e-01 9.226324535458616527e-01
5.050000000000000044e-01 8.969337888102859591e-01
5.150000000000000133e-01 8.697234379137942506e-01
5.250000000000000222e-01 8.525909947567438252e-01
5.350000000000000311e-01 8.511800876732220633e-01
5.450000000000000400e-01 8.425130870173023201e-01
5.550000000000000488e-01 7.538274989102178303e-01
5.649999999999999467e-01 5.774641134699931566e-01
5.749999999999999556e-01 4.709406286640973605e-01
5.849999999999999645e-01 4.478622199407765181e-01
5.949999999999999734e-01 4.404045682135898643e-01
6.049999999999999822e-01 3.967672277018085558e-01
6.149999999999999911e-01 2.870188124192915025e-01
6.250000000000000000e-01 2.402573205082833285e-01
6.350000000000000089e-01 2.356214829481402817e-01
6.450000000000000178e-01 2.347144712515905618e-01
6.550000000000000266e-01 2.224194238094720777e-01
6.650000000000000355e-01 1.870459676440326680e-01
6.750000000000000444e-01 1.745493620471253171e-01
6.850000000000000533e-01 1.748516992793085756e-01
6.949999999999999512e-01 1.724330014218426188e-01
7.049999999999999600e-01 1.410907083521798222e-01
7.149999999999999689e-01 6.627232129456675502e-02
7.249999999999999778e-01 4.029147514228677979e-02
7.349999999999999867e-01 3.914259365999046142e-02
7.449999999999999956e-01 3.935422972251872986e-02
7.550000000000000044e-01 3.620992250781300548e-02
7.650000000000000133e-01 2.837938819426702799e-02
7.750000000000000222e-01 2.563819728913896076e-02
7.850000000000000311e-01 2.568858682783617051e-02
7.950000000000000400e-01 2.584983335166723267e-02
8.050000000000000488e-01 2.308848663106028570e-02
8.149999999999999467e-01 1.588278259735967368e-02
8.249999999999999556e-01 1.243613815047070643e-02
8.349999999999999645e-01 1.199271020993528461e-02
8.449999999999999734e-01 1.168029507001260014e-02
8.549999999999999822e-01 7.742856516212839185e-03
8.649999999999999911e-01 -2.227217610416552893e-03
8.750000000000000000e-01 -6.637310037196116411e-03
8.850000000000000089e-01 -6.822743539601838943e-03
8.950000000000000178e-01 -6.510328399679154478e-03
9.050000000000000266e-01 -4.631806397047274863e-03
9.150000000000000355e-01 -9.775570507258174186e-04
9.250000000000000444e-01 6.046744643664849666e-04
9.350000000000000533e-01 1.048102404901907333e-03
9.449999999999999512e-01 1.360517544824591148e-03
9.549999999999999600e-01 1.683010592486716347e-03
9.649999999999999689e-01 3.194696753402928493e-03
9.749999999999999778e-01 4.289157533906266459e-03
9.849999999999999867e-01 4.918018976847410816e-03
9.949999999999999956e-01 5.502537625735013337e-03
1.004999999999999893e+00 3.712701211210217393e-03
1.014999999999999902e+00 -1.783789669881130635e-03
1.024999999999999911e+00 -3.698592140374999497e-03
1.034999999999999920e+00 -3.305553738536784383e-03
1.044999999999999929e+00 -2.745222068223841794e-03
1.054999999999999938e+00 -1.718283269574761522e-03
1.064999999999999947e+00 -6.046744643664849191e-06
1.074999999999999956e+00 8.163105268947547103e-04
1.084999999999999964e+00 1.048102404901907333e-03
1.094999999999999973e+00 1.209348928732969933e-03
1.104999999999999982e+00 1.537888721038760008e-03
1.114999999999999991e+00 2.132485277665803480e-03
1.125000000000000000e+00 2.408619949726498698e-03
1.135000000000000009e+00 2.448931580684264239e-03
1.145000000000000018e+00 2.529554842599795322e-03
1.155000000000000027e+00 3.396254908191757068e-03
1.165000000000000036e+00 5.492459717995571734e-03
1.175000000000000044e+00 6.419627230024182660e-03
1.185000000000000053e+00 6.601029569334128030e-03
1.195000000000000062e+00 6.701808646728542318e-03
1.205000000000000071e+00 6.560717938376361621e-03
1.215000000000000080e+00 6.177757444277587676e-03
1.225000000000000089e+00 5.986277197228200703e-03
1.235000000000000098e+00 6.137445813319823001e-03
1.245000000000000107e+00 6.373268854422750943e-03
1.254999999999999893e+00 6.963834247954017904e-03
1.264999999999999902e+00 7.880923852243187228e-03
1.274999999999999911e+00 8.542034599950542803e-03
1.284999999999999920e+00 8.757701825574591009e-03
1.294999999999999929e+00 8.798013456532355683e-03
1.304999999999999938e+00 7.336716834313350248e-03
1.314999999999999947e+00 3.754020632941927008e-03
1.324999999999999956e+00 2.192952724102451793e-03
1.334999999999999964e+00 2.186905979458786918e-03
1.344999999999999973e+00 2.402573205082833389e-03
1.354999999999999982e+00 3.789293310029972182e-03
1.364999999999999991e+00 6.715917717563759347e-03
1.375000000000000000e+00 7.976663975767879847e-03
1.385000000000000009e+00 8.243728530863077969e-03
1.395000000000000018e+00 8.649868212762566039e-03
1.405000000000000027e+00 1.128725666817438633e-02
1.415000000000000036e+00 1.714252106478984794e-02
1.425000000000000044e+00 1.976277707704461595e-02
1.435000000000000053e+00 2.005503640148841721e-02
1.445000000000000062e+00 2.011550384792506682e-02
1.455000000000000071e+00 2.018604920210115630e-02
1.465000000000000080e+00 1.995425732409400119e-02
1.475000000000000089e+00 1.984340033896014530e-02
1.485000000000000098e+00 1.991394569313623825e-02
1.495000000000000107e+00 1.946043984486137482e-02
1.504999999999999893e+00 1.677971638616995720e-02
1.514999999999999902e+00 1.221442418020299639e-02
1.524999999999999911e+00 9.876349584652588040e-03
1.534999999999999920e+00 9.467186530431265581e-03
1.544999999999999929e+00 9.556879909312294627e-03
1.554999999999999938e+00 1.079343918894175650e-02
1.564999999999999947e+00 1.315166959997104805e-02
1.574999999999999956e+00 1.417961618939407240e-02
1.584999999999999964e+00 1.449203132931675513e-02
1.594999999999999973e+00 1.526803022525374462e-02
1.604999999999999982e+00 1.757587109758583163e-02
1.614999999999999991e+00 2.239311099703882729e-02
1.625000000000000000e+00 2.455986116101872840e-02
1.635000000000000009e+00 2.450947162232152213e-02
1.645000000000000018e+00 2.346136921741961631e-02
1.655000000000000027e+00 1.924880378233310638e-02
1.665000000000000036e+00 1.081863395829035963e-02
1.675000000000000044e+00 5.971160335619038299e-03
1.685000000000000053e+00 5.049031777460149042e-03
1.695000000000000062e+00 5.316096332555347165e-03
1.705000000000000071e+00 7.058566580704767751e-03
1.715000000000000080e+00 1.069870685619100752e-02
1.725000000000000089e+00 1.309120215353440017e-02
1.735000000000000098e+00 1.377649987981641351e-02
1.745000000000000107e+00 1.405868129652077490e-02
1.754999999999999893e+00 1.434086271322513456e-02
1.764999999999999902e+00 1.506647207046491604e-02
1.774999999999999911e+00 1.488506973115497241e-02
1.784999999999999920e+00 1.481452437697888119e-02
1.794999999999999929e+00 1.504631625498603284e-02
1.804999999999999938e+00 1.551997791873978121e-02
1.814999999999999947e+00 1.686033964808549002e-02
1.824999999999999956e+00 1.718283269574761435e-02
1.834999999999999964e+00 1.682002801712772361e-02
1.844999999999999973e+00 1.612465238310626520e-02
1.854999999999999982e+00 1.393774640364747741e-02
1.864999999999999991e+00 1.003759610848365021e-02
1.875000000000000000e+00 6.973912155693459507e-03
1.885000000000000009e+00 5.555950536754053135e-03
1.895000000000000018e+00 5.472303902516688530e-03
1.905000000000000027e+00 5.760532063864713496e-03
1.915000000000000036e+00 6.577850381533412172e-03
1.925000000000000044e+00 7.280280550972478663e-03
1.935000000000000053e+00 7.568508712320502763e-03
1.945000000000000062e+00 7.709599420672683459e-03
1.955000000000000071e+00 8.475520408870231351e-03
1.965000000000000080e+00 9.911622261740632781e-03
1.975000000000000089e+00 1.115624386756164724e-02
1.985000000000000098e+00 1.115624386756164724e-02
1.995000000000000107e+00 1.101112199611369025e-02
2.005999999999999783e+00 1.090832733717138868e-02
2.016000000000000014e+00 1.004767401622309181e-02
2.024999999999999911e+00 9.060039057757833872e-03
2.035000000000000142e+00 8.781888804149248773e-03
2.044999999999999929e+00 8.727468102356266202e-03
2.055000000000000160e+00 8.556143670785762434e-03
2.064000000000000057e+00 8.525909947567437627e-03
2.073999999999999844e+00 8.751655080930925701e-03
2.085999999999999854e+00 8.535987855306879230e-03
2.096000000000000085e+00 8.394897146954700268e-03
2.104999999999999982e+00 8.410014008563861804e-03
2.115000000000000213e+00 8.374741331475817063e-03
2.125000000000000000e+00 8.213494807644754897e-03
2.134999999999999787e+00 8.187292247522206384e-03
2.145000000000000018e+00 8.384819239215258665e-03
2.153999999999999915e+00 8.808091364271797286e-03
2.164000000000000146e+00 9.261597212546660712e-03
2.176000000000000156e+00 9.641534334323602004e-03
2.185999999999999943e+00 9.694947245342640935e-03
2.194999999999999840e+00 9.611300611105278932e-03
2.205000000000000071e+00 8.626689024961851915e-03
2.214999999999999858e+00 8.379780285345536997e-03
2.225000000000000089e+00 7.689443605193800255e-03
2.233999999999999986e+00 7.266171480137261635e-03
2.244000000000000217e+00 7.202680661378780234e-03
2.255999999999999783e+00 8.422107497851190686e-03
2.266000000000000014e+00 9.449046296500271391e-03
2.274999999999999911e+00 1.097484152825170187e-02
2.285000000000000142e+00 1.139811365330824049e-02
2.294999999999999929e+00 1.086398454311784598e-02
2.305000000000000160e+00 1.105848816248906560e-02
2.314000000000000057e+00 1.075816651185371176e-02
2.323999999999999844e+00 1.190604020337608995e-02
2.335999999999999854e+00 1.211364510280858210e-02
2.346000000000000085e+00 1.262761839752009514e-02
2.354999999999999982e+00 1.245629396594958964e-02
2.365000000000000213e+00 1.269816375169618462e-02
2.375000000000000000e+00 1.265785212073841648e-02
2.384999999999999787e+00 1.280902073683003878e-02
2.395000000000000018e+00 1.236559279629461695e-02
2.403999999999999915e+00 1.099902850682636136e-02
2.414000000000000146e+00 8.692195425268221462e-03
2.426000000000000156e+00 7.618898251017709906e-03
2.435999999999999943e+00 7.316561018834467911e-03
2.444999999999999840e+00 7.185548218221729684e-03
2.455000000000000071e+00 7.951469206419276708e-03
2.464999999999999858e+00 9.674791429863759465e-03
2.475000000000000089e+00 1.176091833192813296e-02
2.483999999999999986e+00 1.352455218633038039e-02
2.494000000000000217e+00 1.381681151077418165e-02
2.505999999999999783e+00 1.597348376701464290e-02
2.516000000000000014e+00 1.800922113038181185e-02
2.524999999999999911e+00 1.721306641896593742e-02
2.535000000000000142e+00 1.659831404686001183e-02
2.544999999999999929e+00 1.555021164195810601e-02
2.555000000000000160e+00 1.428039526678848668e-02
2.564000000000000057e+00 1.193526613582046939e-02
2.573999999999999844e+00 1.035605799304999824e-02
2.585999999999999854e+00 8.986470331259910002e-03
2.596000000000000085e+00 9.346251637557968089e-03
2.604999999999999982e+00 9.644557706645434658e-03
2.615000000000000213e+00 1.139509028098640957e-02
2.625000000000000000e+00 1.176091833192813296e-02
2.634999999999999787e+00 1.091437408181505399e-02
2.645000000000000018e+00 1.217411254924522998e-02
2.653999999999999915e+00 1.101112199611369025e-02
2.664000000000000146e+00 1.141323051491740376e-02
2.676000000000000156e+00 1.120260224316307722e-02
2.685999999999999943e+00 1.091437408181505399e-02
2.694999999999999840e+00 8.596455301743527108e-03
2.705000000000000071e+00 7.592695690895162261e-03
2.714999999999999858e+00 7.742856516212839185e-03
2.725000000000000089e+00 7.532228244458515250e-03
2.733999999999999986e+00 8.481567153513894924e-03
2.744000000000000217e+00 8.072404099292574201e-03
2.755999999999999783e+00 7.659209881975476315e-03
2.766000000000000014e+00 7.568508712320502763e-03
2.774999999999999911e+00 7.442534865577486204e-03
2.785000000000000142e+00 7.427418003968323801e-03
2.794999999999999929e+00 7.472768588795810143e-03
2.805000000000000160e+00 8.072404099292574201e-03
2.814000000000000057e+00 8.217525970740529456e-03
2.823999999999999844e+00 9.568973398599625244e-03
2.835999999999999854e+00 9.749367947135625240e-03
2.846000000000000085e+00 9.016704054478234809e-03
2.854999999999999982e+00 8.734522637773875151e-03
2.865000000000000213e+00 8.233650623123636367e-03
2.875000000000000000e+00 7.442534865577486204e-03
2.884999999999999787e+00 7.250046827754155591e-03
2.895000000000000018e+00 6.746151440782084154e-03
2.903999999999999915e+00 7.064613325348432192e-03
2.914000000000000146e+00 7.024301694390666650e-03
2.926000000000000156e+00 8.354585515996933859e-03
2.935999999999999943e+00 6.903366801517370026e-03
2.944999999999999840e+00 6.288614429411443565e-03
2.955000000000000071e+00 5.093374571513691745e-03
2.964999999999999858e+00 4.635837560143051157e-03
2.975000000000000089e+00 4.991587703345333818e-03
2.983999999999999986e+00 3.980773557079359155e-03
2.994000000000000217e+00 3.023372321832424724e-03
