4.000000000000000083e-03 0.000000000000000000e+00
1.400000000000000203e-02 0.000000000000000000e+00
2.400000000000000050e-02 0.000000000000000000e+00
3.400000000000000244e-02 2.237689495086669922e-01
4.399999999999999745e-02 2.273758351802825928e-01
5.400000000000000633e-02 4.373698830604553223e-01
6.400000000000000133e-02 3.235490620136260986e-01
7.400000000000001021e-02 2.640650868415832520e-01
8.400000000000000522e-02 3.524187803268432617e-01
9.400000000000000022e-02 3.014419674873352051e-01
1.040000000000000091e-01 3.729383051395416260e-01
1.140000000000000180e-01 3.469729721546173096e-01
1.239999999999999991e-01 3.960980176925659180e-01
1.340000000000000080e-01 6.656838655471801758e-01
1.440000000000000169e-01 4.602870047092437744e-01
1.539999999999999980e-01 4.849852919578552246e-01
1.640000000000000069e-01 6.293446421623229980e-01
1.739999999999999880e-01 3.828582763671875000e-01
1.839999999999999969e-01 3.901067674160003662e-01
1.940000000000000058e-01 1.086951375007629395e+00
2.040000000000000147e-01 1.367067933082580566e+00
2.140000000000000235e-01 1.196806311607360840e+00
2.240000000000000324e-01 1.153973102569580078e+00
2.340000000000000413e-01 4.961145818233489990e-01
2.439999999999999947e-01 6.287317872047424316e-01
2.540000000000000036e-01 4.185136258602142334e-01
2.640000000000000124e-01 1.307879209518432617e+00
2.740000000000000213e-01 8.384111523628234863e-01
2.840000000000000302e-01 6.725521087646484375e-01
2.939999999999999836e-01 1.017571926116943359e+00
3.039999999999999925e-01 2.124602079391479492e+00
3.140000000000000013e-01 1.809284210205078125e+00
3.240000000000000102e-01 1.696703910827636719e+00
3.340000000000000191e-01 2.663472414016723633e+00
3.440000000000000280e-01 2.630054473876953125e+00
3.539999999999999813e-01 2.332742214202880859e+00
3.639999999999999902e-01 2.047468900680541992e+00
3.739999999999999991e-01 1.781528830528259277e+00
3.840000000000000080e-01 9.055086970329284668e-01
3.940000000000000169e-01 8.564285039901733398e-01
4.040000000000000258e-01 1.182236790657043457e+00
4.140000000000000346e-01 9.932240247726440430e-01
4.240000000000000435e-01 1.784527182579040527e+00
4.339999999999999969e-01 1.438768744468688965e+00
4.440000000000000613e-01 8.310269117355346680e-01
4.540000000000000147e-01 1.055584073066711426e+00
4.640000000000000790e-01 1.136318206787109375e+00
4.740000000000000324e-01 1.209281921386718750e+00
4.839999999999999858e-01 1.958590269088745117e+00
4.939999999999999392e-01 1.811232924461364746e+00
5.040000000000000036e-01 1.786089539527893066e+00
5.140000000000000124e-01 1.523161649703979492e+00
5.240000000000000213e-01 1.332850813865661621e+00
5.340000000000000302e-01 1.312762379646301270e+00
5.440000000000000391e-01 1.344561696052551270e+00
5.540000000000000480e-01 1.206003665924072266e+00
5.640000000000000568e-01 1.336571335792541504e+00
5.740000000000000657e-01 9.815303087234497070e-01
5.839999999999999636e-01 1.162721395492553711e+00
5.939999999999999725e-01 1.581349492073059082e+00
6.039999999999999813e-01 1.209350347518920898e+00
6.139999999999999902e-01 1.213493704795837402e+00
6.239999999999999991e-01 1.140393376350402832e+00
6.340000000000000080e-01 1.167351961135864258e+00
6.440000000000000169e-01 1.236518740653991699e+00
6.540000000000000258e-01 1.964208006858825684e+00
6.640000000000000346e-01 2.526802778244018555e+00
6.740000000000000435e-01 1.294755578041076660e+00
6.840000000000000524e-01 1.018466472625732422e+00
6.940000000000000613e-01 1.164646625518798828e+00
7.039999999999999591e-01 1.193163633346557617e+00
7.140000000000000790e-01 9.224466681480407715e-01
7.239999999999999769e-01 1.465559601783752441e+00
7.339999999999998748e-01 1.436634540557861328e+00
7.439999999999999947e-01 1.636967062950134277e+00
7.540000000000001146e-01 1.099648237228393555e+00
7.640000000000000124e-01 1.120221376419067383e+00
7.739999999999999103e-01 8.403683304786682129e-01
7.840000000000000302e-01 5.758377909660339355e-01
7.940000000000001501e-01 6.406935453414916992e-01
8.040000000000000480e-01 4.816393554210662842e-01
8.140000000000000568e-01 6.310362815856933594e-01
8.240000000000000657e-01 2.745289802551269531e-01
8.339999999999999636e-01 8.304780125617980957e-01
8.439999999999999725e-01 5.520069003105163574e-01
8.539999999999998703e-01 4.107711315155029297e-01
8.640000000000001013e-01 4.513288736343383789e-01
8.739999999999999991e-01 3.933470845222473145e-01
8.840000000000000080e-01 5.455488562583923340e-01
8.939999999999999059e-01 2.948818504810333252e-01
9.040000000000001368e-01 2.402345389127731323e-01
9.140000000000000346e-01 6.035329699516296387e-01
9.240000000000000435e-01 6.148917078971862793e-01
9.339999999999999414e-01 4.534151554107666016e-01
9.440000000000001723e-01 3.921133279800415039e-01
9.540000000000000702e-01 3.998984694480895996e-01
9.640000000000000790e-01 2.893703877925872803e-01
9.739999999999999769e-01 1.919728815555572510e-01
9.839999999999999858e-01 2.789579927921295166e-01
9.939999999999999947e-01 1.474940478801727295e-01
1.004000000000000004e+00 1.066030710935592651e-01
1.014000000000000012e+00 1.136853843927383423e-01
1.023999999999999799e+00 1.707195937633514404e-01
1.034000000000000030e+00 6.799560785293579102e-02
1.044000000000000039e+00 7.106084376573562622e-02
1.054000000000000048e+00 7.343488931655883789e-02
1.064000000000000057e+00 2.273237854242324829e-01
1.074000000000000066e+00 8.526805788278579712e-02
1.084000000000000075e+00 6.061725690960884094e-02
1.094000000000000083e+00 2.754788473248481750e-02
1.103999999999999870e+00 7.825816422700881958e-02
1.114000000000000101e+00 5.151194334030151367e-02
1.124000000000000110e+00 1.013269498944282532e-01
1.134000000000000119e+00 1.305652558803558350e-01
1.144000000000000128e+00 1.153160780668258667e-01
1.153999999999999915e+00 9.627732634544372559e-02
1.163999999999999924e+00 1.095645409077405930e-02
1.173999999999999932e+00 2.143929898738861084e-02
1.183999999999999941e+00 6.788384169340133667e-02
1.193999999999999728e+00 9.259312599897384644e-02
1.203999999999999959e+00 8.656225353479385376e-02
1.213999999999999968e+00 6.192097440361976624e-02
1.223999999999999977e+00 5.758057162165641785e-02
1.233999999999999986e+00 7.468803972005844116e-02
1.243999999999999995e+00 3.133565932512283325e-02
1.254000000000000004e+00 3.325540572404861450e-02
1.264000000000000012e+00 7.867798954248428345e-02
1.273999999999999799e+00 3.961202129721641541e-02
1.284000000000000030e+00 2.483423240482807159e-02
1.294000000000000039e+00 2.294424176216125488e-02
1.304000000000000048e+00 2.512242272496223450e-02
1.314000000000000057e+00 2.084915898740291595e-02
1.324000000000000066e+00 4.739384166896343231e-03
1.334000000000000075e+00 1.130819041281938553e-02
1.344000000000000083e+00 1.548344735056161880e-02
1.353999999999999870e+00 1.215082779526710510e-02
1.364000000000000101e+00 1.271731336601078510e-03
1.374000000000000110e+00 3.932539373636245728e-03
1.384000000000000119e+00 5.689965561032295227e-02
1.394000000000000128e+00 1.267954241484403610e-02
1.403999999999999915e+00 1.057213172316551208e-02
1.413999999999999924e+00 1.556929666548967361e-02
1.423999999999999932e+00 2.042926661670207977e-02
1.433999999999999941e+00 8.765337988734245300e-03
1.443999999999999728e+00 0.000000000000000000e+00
1.453999999999999959e+00 1.035975571721792221e-02
1.463999999999999968e+00 1.838712953031063080e-02
1.473999999999999977e+00 1.189226005226373672e-02
1.483999999999999986e+00 1.302572991698980331e-02
1.493999999999999995e+00 4.543933272361755371e-02
1.504000000000000004e+00 5.034311208873987198e-03
1.514000000000000012e+00 2.117469348013401031e-02
1.523999999999999799e+00 0.000000000000000000e+00
1.534000000000000030e+00 0.000000000000000000e+00
1.544000000000000039e+00 6.372820585966110229e-02
1.554000000000000048e+00 1.765115559101104736e-02
1.564000000000000057e+00 0.000000000000000000e+00
1.574000000000000066e+00 2.938221767544746399e-02
1.584000000000000075e+00 0.000000000000000000e+00
1.594000000000000083e+00 1.397657580673694611e-02
1.603999999999999870e+00 5.034311208873987198e-03
1.614000000000000101e+00 1.532232388854026794e-02
1.624000000000000110e+00 0.000000000000000000e+00
1.634000000000000341e+00 0.000000000000000000e+00
1.644000000000000128e+00 8.760082535445690155e-03
1.653999999999999915e+00 0.000000000000000000e+00
1.664000000000000146e+00 0.000000000000000000e+00
1.674000000000000155e+00 6.379925180226564407e-03
1.683999999999999941e+00 0.000000000000000000e+00
1.693999999999999728e+00 0.000000000000000000e+00
1.703999999999999959e+00 0.000000000000000000e+00
1.713999999999999968e+00 8.456588722765445709e-03
1.724000000000000199e+00 3.305418184027075768e-03
1.733999999999999986e+00 2.459150180220603943e-02
1.743999999999999773e+00 0.000000000000000000e+00
1.754000000000000004e+00 0.000000000000000000e+00
1.764000000000000012e+00 1.484203804284334183e-02
1.773999999999999799e+00 2.704812446609139442e-03
1.784000000000000030e+00 0.000000000000000000e+00
1.793999999999999817e+00 2.212109975516796112e-02
1.804000000000000270e+00 0.000000000000000000e+00
1.814000000000000057e+00 8.718254975974559784e-03
1.823999999999999844e+00 1.727691851556301117e-02
1.834000000000000297e+00 0.000000000000000000e+00
1.844000000000000083e+00 1.015944965183734894e-02
1.853999999999999870e+00 0.000000000000000000e+00
1.864000000000000101e+00 0.000000000000000000e+00
1.874000000000000110e+00 1.215082779526710510e-02
1.884000000000000341e+00 0.000000000000000000e+00
1.894000000000000128e+00 2.874546684324741364e-02
1.903999999999999915e+00 7.507541682571172714e-03
1.914000000000000146e+00 9.403991512954235077e-03
1.924000000000000155e+00 5.494773853570222855e-03
1.933999999999999941e+00 0.000000000000000000e+00
1.943999999999999728e+00 8.197639137506484985e-03
1.953999999999999959e+00 2.216847240924835205e-02
1.963999999999999968e+00 1.122401840984821320e-02
1.974000000000000199e+00 8.061597123742103577e-03
1.983999999999999986e+00 1.844487152993679047e-02
1.993999999999999773e+00 0.000000000000000000e+00
2.004000000000000004e+00 9.173819795250892639e-03
2.014000000000000234e+00 0.000000000000000000e+00
2.024000000000000021e+00 4.370318260043859482e-03
2.033999999999999808e+00 1.037297118455171585e-02
2.044000000000000039e+00 0.000000000000000000e+00
2.053999999999999826e+00 9.024251252412796021e-03
2.063999999999999613e+00 7.507541682571172714e-03
2.073999999999999844e+00 1.081295963376760483e-02
2.084000000000000519e+00 0.000000000000000000e+00
2.093999999999999861e+00 7.507541682571172714e-03
2.104000000000000092e+00 0.000000000000000000e+00
2.113999999999999879e+00 3.487176727503538132e-03
2.123999999999999666e+00 4.550069570541381836e-03
2.133999999999999897e+00 2.134270593523979187e-02
2.143999999999999684e+00 0.000000000000000000e+00
2.153999999999999915e+00 0.000000000000000000e+00
2.164000000000000146e+00 2.217396721243858337e-02
2.174000000000000377e+00 8.718254975974559784e-03
2.184000000000000163e+00 0.000000000000000000e+00
2.193999999999999950e+00 2.094391733407974243e-02
2.203999999999999737e+00 0.000000000000000000e+00
2.213999999999999968e+00 0.000000000000000000e+00
2.223999999999999755e+00 0.000000000000000000e+00
2.233999999999999986e+00 1.383209507912397385e-02
2.244000000000000661e+00 1.439988613128662109e-02
2.254000000000000004e+00 0.000000000000000000e+00
2.264000000000000234e+00 0.000000000000000000e+00
2.274000000000000021e+00 0.000000000000000000e+00
2.283999999999999808e+00 1.976807601749897003e-03
2.294000000000000039e+00 0.000000000000000000e+00
2.303999999999999826e+00 1.306435186415910721e-02
2.313999999999999613e+00 0.000000000000000000e+00
2.323999999999999844e+00 0.000000000000000000e+00
2.334000000000000519e+00 1.487465854734182358e-02
2.343999999999999861e+00 0.000000000000000000e+00
2.354000000000000092e+00 7.202240172773599625e-03
2.363999999999999879e+00 0.000000000000000000e+00
2.373999999999999666e+00 0.000000000000000000e+00
2.383999999999999897e+00 9.264648891985416412e-03
2.393999999999999684e+00 7.507541682571172714e-03
2.403999999999999915e+00 0.000000000000000000e+00
2.414000000000000146e+00 7.090930826961994171e-03
2.424000000000000377e+00 7.294989656656980515e-03
2.434000000000000163e+00 9.082689881324768066e-03
2.443999999999999950e+00 3.788791131228208542e-03
2.453999999999999737e+00 7.507541682571172714e-03
2.463999999999999968e+00 9.557751938700675964e-03
2.473999999999999755e+00 4.521342366933822632e-02
2.483999999999999986e+00 0.000000000000000000e+00
2.494000000000000661e+00 5.514747463166713715e-03
2.504000000000000004e+00 4.942627158015966415e-03
2.514000000000000234e+00 2.228703536093235016e-02
2.524000000000000021e+00 4.857528023421764374e-03
2.533999999999999808e+00 0.000000000000000000e+00
2.544000000000000039e+00 0.000000000000000000e+00
2.553999999999999826e+00 1.780982315540313721e-02
2.563999999999999613e+00 0.000000000000000000e+00
2.573999999999999844e+00 0.000000000000000000e+00
2.584000000000000519e+00 0.000000000000000000e+00
2.593999999999999861e+00 6.004636641591787338e-03
2.604000000000000092e+00 0.000000000000000000e+00
2.613999999999999879e+00 1.947043649852275848e-02
2.623999999999999666e+00 0.000000000000000000e+00
2.633999999999999897e+00 0.000000000000000000e+00
2.643999999999999684e+00 4.550069570541381836e-03
2.653999999999999915e+00 0.000000000000000000e+00
2.664000000000000146e+00 0.000000000000000000e+00
2.674000000000000377e+00 0.000000000000000000e+00
2.684000000000000163e+00 3.658733563497662544e-03
2.693999999999999950e+00 0.000000000000000000e+00
2.703999999999999737e+00 0.000000000000000000e+00
2.713999999999999968e+00 4.434800520539283752e-02
2.723999999999999755e+00 2.092562802135944366e-02
2.733999999999999986e+00 1.177365984767675400e-02
2.744000000000000661e+00 5.938004236668348312e-03
2.754000000000000004e+00 4.857528023421764374e-03
2.764000000000000234e+00 0.000000000000000000e+00
2.774000000000000021e+00 0.000000000000000000e+00
2.783999999999999808e+00 2.022742293775081635e-03
2.794000000000000039e+00 0.000000000000000000e+00
2.803999999999999826e+00 0.000000000000000000e+00
2.813999999999999613e+00 7.111820857971906662e-03
2.823999999999999844e+00 1.457999274134635925e-02
2.834000000000000519e+00 0.000000000000000000e+00
2.843999999999999861e+00 0.000000000000000000e+00
2.854000000000000092e+00 1.122401840984821320e-02
2.863999999999999879e+00 8.902328088879585266e-03
2.873999999999999666e+00 0.000000000000000000e+00
2.883999999999999897e+00 1.271731336601078510e-03
2.893999999999999684e+00 0.000000000000000000e+00
2.903999999999999915e+00 0.000000000000000000e+00
2.914000000000000146e+00 9.209823794662952423e-03
2.924000000000000377e+00 9.365117177367210388e-03
2.934000000000000163e+00 0.000000000000000000e+00
2.943999999999999950e+00 1.732918620109558105e-02
2.953999999999999737e+00 0.000000000000000000e+00
2.963999999999999968e+00 2.259926637634634972e-03
2.973999999999999755e+00 6.776319351047277451e-03
2.983999999999999986e+00 0.000000000000000000e+00
2.994000000000000661e+00 3.112861886620521545e-02
3.004000000000000004e+00 0.000000000000000000e+00
3.014000000000000234e+00 0.000000000000000000e+00
3.024000000000000021e+00 0.000000000000000000e+00
3.033999999999999808e+00 0.000000000000000000e+00
3.044000000000000039e+00 1.071574166417121887e-01
3.053999999999999826e+00 1.135965995490550995e-02
3.064000000000000057e+00 0.000000000000000000e+00
3.074000000000000288e+00 1.339862216264009476e-02
3.084000000000000519e+00 1.017134543508291245e-02
3.093999999999999861e+00 5.684555508196353912e-03
3.104000000000000092e+00 0.000000000000000000e+00
3.113999999999999879e+00 9.264648891985416412e-03
3.123999999999999666e+00 4.239691048860549927e-02
3.133999999999999897e+00 4.698154516518115997e-03
3.143999999999999684e+00 1.964682526886463165e-02
3.153999999999999915e+00 5.212521553039550781e-02
3.164000000000000146e+00 4.222888033837080002e-03
3.174000000000000377e+00 0.000000000000000000e+00
3.184000000000000163e+00 8.098669350147247314e-03
3.193999999999999950e+00 7.518693804740905762e-03
3.203999999999999737e+00 0.000000000000000000e+00
3.213999999999999968e+00 1.179257780313491821e-02
3.224000000000000199e+00 8.841116912662982941e-03
3.234000000000000430e+00 0.000000000000000000e+00
3.244000000000000661e+00 2.354497835040092468e-02
3.254000000000000004e+00 4.521321505308151245e-02
3.264000000000000234e+00 4.152127355337142944e-02
3.273999999999999577e+00 0.000000000000000000e+00
3.284000000000000252e+00 0.000000000000000000e+00
3.293999999999999595e+00 8.456588722765445709e-03
3.303999999999999826e+00 1.108572166413068771e-02
3.314000000000000057e+00 0.000000000000000000e+00
3.324000000000000288e+00 0.000000000000000000e+00
3.334000000000000519e+00 0.000000000000000000e+00
3.343999999999999861e+00 0.000000000000000000e+00
3.354000000000000092e+00 1.999263465404510498e-02
3.363999999999999435e+00 3.427709685638546944e-03
3.373999999999999666e+00 0.000000000000000000e+00
3.384000000000000341e+00 7.315485272556543350e-03
3.393999999999999684e+00 0.000000000000000000e+00
3.403999999999999915e+00 5.779109429568052292e-03
3.414000000000000146e+00 1.848601549863815308e-02
3.424000000000000377e+00 0.000000000000000000e+00
3.433999999999999719e+00 2.690786262974143028e-03
3.443999999999999950e+00 1.701055094599723816e-02
3.453999999999999737e+00 0.000000000000000000e+00
3.463999999999999968e+00 0.000000000000000000e+00
3.474000000000000199e+00 1.197011582553386688e-02
3.484000000000000430e+00 0.000000000000000000e+00
3.494000000000000661e+00 0.000000000000000000e+00
3.504000000000000004e+00 0.000000000000000000e+00
3.514000000000000234e+00 0.000000000000000000e+00
3.523999999999999577e+00 4.222888033837080002e-03
3.534000000000000252e+00 0.000000000000000000e+00
3.543999999999999595e+00 0.000000000000000000e+00
3.553999999999999826e+00 0.000000000000000000e+00
3.564000000000000057e+00 0.000000000000000000e+00
3.574000000000000288e+00 0.000000000000000000e+00
3.584000000000000519e+00 0.000000000000000000e+00
3.593999999999999861e+00 0.000000000000000000e+00
3.604000000000000092e+00 6.463534198701381683e-03
3.613999999999999435e+00 2.931676059961318970e-02
3.623999999999999666e+00 0.000000000000000000e+00
3.634000000000000341e+00 1.544378604739904404e-02
3.643999999999999684e+00 2.623147517442703247e-02
3.653999999999999915e+00 0.000000000000000000e+00
3.664000000000000146e+00 5.172635894268751144e-03
3.674000000000000377e+00 5.693184211850166321e-03
3.683999999999999719e+00 0.000000000000000000e+00
3.693999999999999950e+00 8.718254975974559784e-03
3.703999999999999737e+00 0.000000000000000000e+00
3.713999999999999968e+00 1.409854367375373840e-02
3.724000000000000199e+00 3.592623863369226456e-03
3.734000000000000430e+00 0.000000000000000000e+00
3.744000000000000661e+00 0.000000000000000000e+00
3.754000000000000004e+00 0.000000000000000000e+00
3.764000000000000234e+00 0.000000000000000000e+00
3.773999999999999577e+00 0.000000000000000000e+00
3.784000000000000252e+00 2.804741263389587402e-02
3.793999999999999595e+00 7.532188203185796738e-03
3.803999999999999826e+00 0.000000000000000000e+00
3.814000000000000057e+00 0.000000000000000000e+00
3.824000000000000288e+00 0.000000000000000000e+00
3.834000000000000519e+00 0.000000000000000000e+00
3.843999999999999861e+00 0.000000000000000000e+00
3.854000000000000092e+00 0.000000000000000000e+00
3.863999999999999435e+00 0.000000000000000000e+00
3.873999999999999666e+00 0.000000000000000000e+00
3.884000000000000341e+00 0.000000000000000000e+00
3.893999999999999684e+00 1.122401840984821320e-02
3.903999999999999915e+00 0.000000000000000000e+00
3.914000000000000146e+00 0.000000000000000000e+00
3.924000000000000377e+00 0.000000000000000000e+00
3.933999999999999719e+00 0.000000000000000000e+00
3.943999999999999950e+00 7.968058809638023376e-03
3.953999999999999737e+00 0.000000000000000000e+00
3.963999999999999968e+00 0.000000000000000000e+00
3.974000000000000199e+00 0.000000000000000000e+00
3.984000000000000430e+00 0.000000000000000000e+00
3.994000000000000661e+00 0.000000000000000000e+00
4.003999999999999559e+00 0.000000000000000000e+00
4.014000000000000234e+00 0.000000000000000000e+00
4.024000000000000909e+00 0.000000000000000000e+00
4.034000000000000696e+00 0.000000000000000000e+00
4.043999999999999595e+00 0.000000000000000000e+00
4.054000000000000270e+00 0.000000000000000000e+00
4.064000000000000057e+00 0.000000000000000000e+00
4.073999999999999844e+00 0.000000000000000000e+00
4.084000000000000519e+00 0.000000000000000000e+00
4.093999999999999417e+00 0.000000000000000000e+00
4.104000000000000092e+00 0.000000000000000000e+00
4.113999999999999879e+00 0.000000000000000000e+00
4.124000000000000554e+00 2.356909960508346558e-02
4.134000000000000341e+00 0.000000000000000000e+00
4.144000000000000128e+00 0.000000000000000000e+00
4.153999999999999915e+00 0.000000000000000000e+00
4.163999999999999702e+00 0.000000000000000000e+00
4.174000000000000377e+00 0.000000000000000000e+00
4.183999999999999275e+00 0.000000000000000000e+00
4.193999999999999950e+00 0.000000000000000000e+00
4.204000000000000625e+00 0.000000000000000000e+00
4.214000000000000412e+00 8.892611600458621979e-03
4.223999999999999311e+00 0.000000000000000000e+00
4.233999999999999986e+00 1.548304781317710876e-02
4.244000000000000661e+00 0.000000000000000000e+00
4.253999999999999559e+00 0.000000000000000000e+00
4.264000000000000234e+00 0.000000000000000000e+00
4.274000000000000909e+00 0.000000000000000000e+00
4.284000000000000696e+00 0.000000000000000000e+00
4.293999999999999595e+00 0.000000000000000000e+00
4.304000000000000270e+00 0.000000000000000000e+00
4.314000000000000057e+00 0.000000000000000000e+00
4.323999999999999844e+00 0.000000000000000000e+00
4.334000000000000519e+00 0.000000000000000000e+00
4.343999999999999417e+00 0.000000000000000000e+00
4.354000000000000092e+00 0.000000000000000000e+00
4.363999999999999879e+00 0.000000000000000000e+00
4.374000000000000554e+00 0.000000000000000000e+00
4.384000000000000341e+00 0.000000000000000000e+00
4.394000000000000128e+00 0.000000000000000000e+00
4.403999999999999915e+00 0.000000000000000000e+00
4.413999999999999702e+00 0.000000000000000000e+00
4.424000000000000377e+00 0.000000000000000000e+00
4.433999999999999275e+00 0.000000000000000000e+00
4.443999999999999950e+00 0.000000000000000000e+00
4.454000000000000625e+00 0.000000000000000000e+00
4.464000000000000412e+00 0.000000000000000000e+00
4.473999999999999311e+00 0.000000000000000000e+00
4.483999999999999986e+00 0.000000000000000000e+00
4.494000000000000661e+00 0.000000000000000000e+00
4.503999999999999559e+00 0.000000000000000000e+00
4.514000000000000234e+00 0.000000000000000000e+00
4.524000000000000909e+00 0.000000000000000000e+00
4.534000000000000696e+00 0.000000000000000000e+00
4.543999999999999595e+00 0.000000000000000000e+00
4.554000000000000270e+00 0.000000000000000000e+00
4.564000000000000057e+00 0.000000000000000000e+00
4.573999999999999844e+00 0.000000000000000000e+00
4.584000000000000519e+00 0.000000000000000000e+00
4.593999999999999417e+00 0.000000000000000000e+00
4.604000000000000092e+00 0.000000000000000000e+00
4.613999999999999879e+00 0.000000000000000000e+00
4.624000000000000554e+00 0.000000000000000000e+00
4.634000000000000341e+00 0.000000000000000000e+00
4.644000000000000128e+00 0.000000000000000000e+00
4.653999999999999915e+00 0.000000000000000000e+00
4.663999999999999702e+00 0.000000000000000000e+00
4.674000000000000377e+00 0.000000000000000000e+00
4.683999999999999275e+00 0.000000000000000000e+00
4.693999999999999950e+00 0.000000000000000000e+00
4.704000000000000625e+00 0.000000000000000000e+00
4.714000000000000412e+00 0.000000000000000000e+00
4.723999999999999311e+00 0.000000000000000000e+00
4.733999999999999986e+00 0.000000000000000000e+00
4.744000000000000661e+00 0.000000000000000000e+00
4.753999999999999559e+00 0.000000000000000000e+00
4.764000000000000234e+00 0.000000000000000000e+00
4.774000000000000909e+00 0.000000000000000000e+00
4.784000000000000696e+00 0.000000000000000000e+00
4.793999999999999595e+00 0.000000000000000000e+00
4.804000000000000270e+00 0.000000000000000000e+00
4.814000000000000057e+00 0.000000000000000000e+00
4.823999999999999844e+00 0.000000000000000000e+00
4.834000000000000519e+00 0.000000000000000000e+00
4.843999999999999417e+00 0.000000000000000000e+00
4.854000000000000092e+00 0.000000000000000000e+00
4.863999999999999879e+00 0.000000000000000000e+00
4.874000000000000554e+00 0.000000000000000000e+00
4.884000000000000341e+00 0.000000000000000000e+00
4.894000000000000128e+00 0.000000000000000000e+00
4.903999999999999915e+00 0.000000000000000000e+00
4.913999999999999702e+00 0.000000000000000000e+00
4.924000000000000377e+00 0.000000000000000000e+00
4.933999999999999275e+00 0.000000000000000000e+00
4.943999999999999950e+00 0.000000000000000000e+00
4.954000000000000625e+00 0.000000000000000000e+00
4.964000000000000412e+00 0.000000000000000000e+00
4.973999999999999311e+00 0.000000000000000000e+00
4.983999999999999986e+00 0.000000000000000000e+00
4.994000000000000661e+00 0.000000000000000000e+00
5.003999999999999559e+00 0.000000000000000000e+00
5.014000000000000234e+00 0.000000000000000000e+00
5.024000000000000909e+00 0.000000000000000000e+00
5.034000000000000696e+00 0.000000000000000000e+00
5.043999999999999595e+00 0.000000000000000000e+00
5.054000000000000270e+00 0.000000000000000000e+00
5.064000000000000057e+00 0.000000000000000000e+00
5.073999999999999844e+00 0.000000000000000000e+00
5.084000000000000519e+00 0.000000000000000000e+00
5.093999999999999417e+00 0.000000000000000000e+00
5.104000000000000092e+00 0.000000000000000000e+00
5.113999999999999879e+00 0.000000000000000000e+00
5.124000000000000554e+00 0.000000000000000000e+00
5.134000000000000341e+00 0.000000000000000000e+00
5.144000000000000128e+00 0.000000000000000000e+00
5.153999999999999915e+00 0.000000000000000000e+00
5.163999999999999702e+00 0.000000000000000000e+00
5.174000000000000377e+00 0.000000000000000000e+00
5.183999999999999275e+00 0.000000000000000000e+00
5.193999999999999950e+00 0.000000000000000000e+00
5.204000000000000625e+00 0.000000000000000000e+00
5.214000000000000412e+00 0.000000000000000000e+00
5.223999999999999311e+00 0.000000000000000000e+00
5.233999999999999986e+00 0.000000000000000000e+00
5.244000000000000661e+00 0.000000000000000000e+00
5.253999999999999559e+00 0.000000000000000000e+00
5.264000000000000234e+00 0.000000000000000000e+00
5.274000000000000909e+00 0.000000000000000000e+00
5.284000000000000696e+00 0.000000000000000000e+00
5.293999999999999595e+00 0.000000000000000000e+00
5.304000000000000270e+00 0.000000000000000000e+00
5.314000000000000057e+00 0.000000000000000000e+00
5.323999999999999844e+00 0.000000000000000000e+00
5.334000000000000519e+00 0.000000000000000000e+00
5.343999999999999417e+00 0.000000000000000000e+00
5.354000000000000092e+00 0.000000000000000000e+00
5.363999999999999879e+00 0.000000000000000000e+00
5.374000000000000554e+00 0.000000000000000000e+00
5.384000000000000341e+00 0.000000000000000000e+00
5.394000000000000128e+00 0.000000000000000000e+00
5.403999999999999915e+00 0.000000000000000000e+00
5.413999999999999702e+00 0.000000000000000000e+00
5.424000000000000377e+00 0.000000000000000000e+00
5.433999999999999275e+00 0.000000000000000000e+00
5.443999999999999950e+00 0.000000000000000000e+00
5.454000000000000625e+00 0.000000000000000000e+00
5.464000000000000412e+00 0.000000000000000000e+00
5.473999999999999311e+00 0.000000000000000000e+00
5.483999999999999986e+00 0.000000000000000000e+00
5.494000000000000661e+00 0.000000000000000000e+00
5.503999999999999559e+00 0.000000000000000000e+00
5.514000000000000234e+00 0.000000000000000000e+00
5.524000000000000909e+00 0.000000000000000000e+00
5.534000000000000696e+00 0.000000000000000000e+00
5.543999999999999595e+00 0.000000000000000000e+00
5.554000000000000270e+00 0.000000000000000000e+00
5.564000000000000057e+00 0.000000000000000000e+00
5.573999999999999844e+00 0.000000000000000000e+00
5.584000000000000519e+00 0.000000000000000000e+00
5.593999999999999417e+00 0.000000000000000000e+00
5.604000000000000092e+00 0.000000000000000000e+00
5.613999999999999879e+00 0.000000000000000000e+00
5.624000000000000554e+00 0.000000000000000000e+00
5.634000000000000341e+00 0.000000000000000000e+00
5.644000000000000128e+00 0.000000000000000000e+00
5.653999999999999915e+00 0.000000000000000000e+00
5.663999999999999702e+00 0.000000000000000000e+00
5.674000000000000377e+00 0.000000000000000000e+00
5.683999999999999275e+00 0.000000000000000000e+00
5.693999999999999950e+00 0.000000000000000000e+00
5.704000000000000625e+00 0.000000000000000000e+00
5.714000000000000412e+00 0.000000000000000000e+00
5.723999999999999311e+00 0.000000000000000000e+00
5.733999999999999986e+00 0.000000000000000000e+00
5.744000000000000661e+00 0.000000000000000000e+00
5.753999999999999559e+00 0.000000000000000000e+00
5.764000000000000234e+00 0.000000000000000000e+00
5.774000000000000909e+00 0.000000000000000000e+00
5.784000000000000696e+00 0.000000000000000000e+00
5.793999999999999595e+00 0.000000000000000000e+00
5.804000000000000270e+00 0.000000000000000000e+00
5.814000000000000057e+00 0.000000000000000000e+00
5.823999999999999844e+00 0.000000000000000000e+00
5.834000000000000519e+00 0.000000000000000000e+00
5.843999999999999417e+00 0.000000000000000000e+00
5.854000000000000092e+00 0.000000000000000000e+00
5.863999999999999879e+00 0.000000000000000000e+00
5.874000000000000554e+00 0.000000000000000000e+00
5.884000000000000341e+00 0.000000000000000000e+00
5.894000000000000128e+00 0.000000000000000000e+00
5.903999999999999915e+00 0.000000000000000000e+00
5.913999999999999702e+00 0.000000000000000000e+00
5.924000000000000377e+00 0.000000000000000000e+00
5.933999999999999275e+00 0.000000000000000000e+00
5.943999999999999950e+00 0.000000000000000000e+00
5.954000000000000625e+00 0.000000000000000000e+00
5.964000000000000412e+00 0.000000000000000000e+00
5.973999999999999311e+00 0.000000000000000000e+00
5.983999999999999986e+00 0.000000000000000000e+00
5.994000000000000661e+00 0.000000000000000000e+00
