4.000000000000000083e-03 0.000000000000000000e+00
1.400000000000000203e-02 0.000000000000000000e+00
2.400000000000000050e-02 0.000000000000000000e+00
3.400000000000000244e-02 1.564130634069442749e-01
4.399999999999999745e-02 1.918105632066726685e-01
5.400000000000000633e-02 2.373726963996887207e-01
6.400000000000000133e-02 1.538297832012176514e-01
7.400000000000001021e-02 1.410257220268249512e-01
8.400000000000000522e-02 1.483110338449478149e-01
9.400000000000000022e-02 1.450955420732498169e-01
1.040000000000000091e-01 1.807974874973297119e-01
1.140000000000000180e-01 1.620470732450485229e-01
1.239999999999999991e-01 1.327694952487945557e-01
1.340000000000000080e-01 1.351559758186340332e-01
1.440000000000000169e-01 1.992071568965911865e-01
1.539999999999999980e-01 2.529155313968658447e-01
1.640000000000000069e-01 4.106331169605255127e-01
1.739999999999999880e-01 2.101147174835205078e-01
1.839999999999999969e-01 2.435784041881561279e-01
1.940000000000000058e-01 4.480193853378295898e-01
2.040000000000000147e-01 4.091680049896240234e-01
2.140000000000000235e-01 4.728871583938598633e-01
2.240000000000000324e-01 4.930807352066040039e-01
2.340000000000000413e-01 2.336142808198928833e-01
2.439999999999999947e-01 2.194434702396392822e-01
2.540000000000000036e-01 1.627251952886581421e-01
2.640000000000000124e-01 3.404387533664703369e-01
2.740000000000000213e-01 2.998571991920471191e-01
2.840000000000000302e-01 3.830491900444030762e-01
2.939999999999999836e-01 4.271207451820373535e-01
3.039999999999999925e-01 5.764136910438537598e-01
3.140000000000000013e-01 5.962902307510375977e-01
3.240000000000000102e-01 5.487576723098754883e-01
3.340000000000000191e-01 7.046405076980590820e-01
3.440000000000000280e-01 7.740035653114318848e-01
3.539999999999999813e-01 5.915377140045166016e-01
3.639999999999999902e-01 6.728727221488952637e-01
3.739999999999999991e-01 7.330894470214843750e-01
3.840000000000000080e-01 4.290332198143005371e-01
3.940000000000000169e-01 4.299517571926116943e-01
4.040000000000000258e-01 3.758677542209625244e-01
4.140000000000000346e-01 4.147266447544097900e-01
4.240000000000000435e-01 6.137828826904296875e-01
4.339999999999999969e-01 4.506484568119049072e-01
4.440000000000000613e-01 3.568531274795532227e-01
4.540000000000000147e-01 5.130134820938110352e-01
4.640000000000000790e-01 3.750504553318023682e-01
4.740000000000000324e-01 5.494843721389770508e-01
4.839999999999999858e-01 6.015278697013854980e-01
4.939999999999999392e-01 7.069526910781860352e-01
5.040000000000000036e-01 6.330009102821350098e-01
5.140000000000000124e-01 6.525353193283081055e-01
5.240000000000000213e-01 4.947407245635986328e-01
5.340000000000000302e-01 5.357361435890197754e-01
5.440000000000000391e-01 6.587396860122680664e-01
5.540000000000000480e-01 6.044588088989257812e-01
5.640000000000000568e-01 6.972035169601440430e-01
5.740000000000000657e-01 5.989793539047241211e-01
5.839999999999999636e-01 1.079090833663940430e+00
5.939999999999999725e-01 1.080829262733459473e+00
6.039999999999999813e-01 9.674081206321716309e-01
6.139999999999999902e-01 7.317178845405578613e-01
6.239999999999999991e-01 8.719850778579711914e-01
6.340000000000000080e-01 9.535378217697143555e-01
6.440000000000000169e-01 1.116763472557067871e+00
6.540000000000000258e-01 1.608033657073974609e+00
6.640000000000000346e-01 1.869959950447082520e+00
6.740000000000000435e-01 1.500394821166992188e+00
6.840000000000000524e-01 1.371938228607177734e+00
6.940000000000000613e-01 1.726003408432006836e+00
7.039999999999999591e-01 1.617738604545593262e+00
7.140000000000000790e-01 1.477161049842834473e+00
7.239999999999999769e-01 1.571621179580688477e+00
7.339999999999998748e-01 2.019930124282836914e+00
7.439999999999999947e-01 1.953161239624023438e+00
7.540000000000001146e-01 1.360005140304565430e+00
7.640000000000000124e-01 1.135960578918457031e+00
7.739999999999999103e-01 1.266137719154357910e+00
7.840000000000000302e-01 1.230847477912902832e+00
7.940000000000001501e-01 1.645471811294555664e+00
8.040000000000000480e-01 1.110906243324279785e+00
8.140000000000000568e-01 1.414077877998352051e+00
8.240000000000000657e-01 1.197980046272277832e+00
8.339999999999999636e-01 2.026396274566650391e+00
8.439999999999999725e-01 1.954097986221313477e+00
8.539999999999998703e-01 1.428514122962951660e+00
8.640000000000001013e-01 1.642146587371826172e+00
8.739999999999999991e-01 1.680543422698974609e+00
8.840000000000000080e-01 1.553384900093078613e+00
8.939999999999999059e-01 1.489607214927673340e+00
9.040000000000001368e-01 1.274137616157531738e+00
9.140000000000000346e-01 1.770834922790527344e+00
9.240000000000000435e-01 1.445664286613464355e+00
9.339999999999999414e-01 2.176341772079467773e+00
9.440000000000001723e-01 1.812353730201721191e+00
9.540000000000000702e-01 1.630745649337768555e+00
9.640000000000000790e-01 1.448079705238342285e+00
9.739999999999999769e-01 1.603988289833068848e+00
9.839999999999999858e-01 1.287465572357177734e+00
9.939999999999999947e-01 9.227412343025207520e-01
1.004000000000000004e+00 8.425409197807312012e-01
1.014000000000000012e+00 5.733978748321533203e-01
1.023999999999999799e+00 4.174565374851226807e-01
1.034000000000000030e+00 3.178884387016296387e-01
1.044000000000000039e+00 3.534810245037078857e-01
1.054000000000000048e+00 6.003649234771728516e-01
1.064000000000000057e+00 4.202564954757690430e-01
1.074000000000000066e+00 4.668444097042083740e-01
1.084000000000000075e+00 3.743553757667541504e-01
1.094000000000000083e+00 4.249063730239868164e-01
1.103999999999999870e+00 4.061160385608673096e-01
1.114000000000000101e+00 5.047910213470458984e-01
1.124000000000000110e+00 6.005839705467224121e-01
1.134000000000000119e+00 5.599892139434814453e-01
1.144000000000000128e+00 4.413605630397796631e-01
1.153999999999999915e+00 2.674463093280792236e-01
1.163999999999999924e+00 2.542160451412200928e-01
1.173999999999999932e+00 1.623862236738204956e-01
1.183999999999999941e+00 3.758549094200134277e-01
1.193999999999999728e+00 1.183830052614212036e-01
1.203999999999999959e+00 6.085255742073059082e-02
1.213999999999999968e+00 2.938056588172912598e-01
1.223999999999999977e+00 3.352817296981811523e-01
1.233999999999999986e+00 3.197272121906280518e-01
1.243999999999999995e+00 2.015180289745330811e-01
1.254000000000000004e+00 1.825773715972900391e-01
1.264000000000000012e+00 1.427343487739562988e-01
1.273999999999999799e+00 8.921516686677932739e-02
1.284000000000000030e+00 1.519281417131423950e-01
1.294000000000000039e+00 8.501930534839630127e-02
1.304000000000000048e+00 7.520070672035217285e-02
1.314000000000000057e+00 5.988539382815361023e-02
1.324000000000000066e+00 7.222527265548706055e-02
1.334000000000000075e+00 4.611149430274963379e-02
1.344000000000000083e+00 1.039830036461353302e-02
1.353999999999999870e+00 7.712781429290771484e-02
1.364000000000000101e+00 4.648830369114875793e-02
1.374000000000000110e+00 6.512275338172912598e-02
1.384000000000000119e+00 5.081627890467643738e-02
1.394000000000000128e+00 5.047914758324623108e-02
1.403999999999999915e+00 8.489283919334411621e-02
1.413999999999999924e+00 7.074921578168869019e-02
1.423999999999999932e+00 8.743629604578018188e-02
1.433999999999999941e+00 3.285457938909530640e-02
1.443999999999999728e+00 3.766137361526489258e-02
1.453999999999999959e+00 3.488260880112648010e-02
1.463999999999999968e+00 6.752190738916397095e-02
1.473999999999999977e+00 7.450767606496810913e-02
1.483999999999999986e+00 5.896374583244323730e-02
1.493999999999999995e+00 7.068946957588195801e-02
1.504000000000000004e+00 6.792635470628738403e-02
1.514000000000000012e+00 5.791986361145973206e-02
1.523999999999999799e+00 2.890609949827194214e-02
1.534000000000000030e+00 7.806358486413955688e-02
1.544000000000000039e+00 1.728819124400615692e-02
1.554000000000000048e+00 6.596381217241287231e-02
1.564000000000000057e+00 2.811636216938495636e-02
1.574000000000000066e+00 5.959646031260490417e-02
1.584000000000000075e+00 7.643697317689657211e-03
1.594000000000000083e+00 2.074057981371879578e-02
1.603999999999999870e+00 6.478555966168642044e-03
1.614000000000000101e+00 2.122201398015022278e-02
1.624000000000000110e+00 9.222808293998241425e-03
1.634000000000000341e+00 3.674567863345146179e-02
1.644000000000000128e+00 1.725327596068382263e-02
1.653999999999999915e+00 3.137275949120521545e-02
1.664000000000000146e+00 9.764057584106922150e-03
1.674000000000000155e+00 3.297006338834762573e-02
1.683999999999999941e+00 2.091723866760730743e-02
1.693999999999999728e+00 3.756114840507507324e-02
1.703999999999999959e+00 3.607503836974501610e-03
1.713999999999999968e+00 1.105958968400955200e-02
1.724000000000000199e+00 1.780190505087375641e-02
1.733999999999999986e+00 2.440815418958663940e-02
1.743999999999999773e+00 2.822207473218441010e-02
1.754000000000000004e+00 2.432184293866157532e-02
1.764000000000000012e+00 2.528787963092327118e-02
1.773999999999999799e+00 7.444044202566146851e-02
1.784000000000000030e+00 2.785024978220462799e-02
1.793999999999999817e+00 3.183946385979652405e-02
1.804000000000000270e+00 3.309008106589317322e-02
1.814000000000000057e+00 5.597333610057830811e-02
1.823999999999999844e+00 1.584881357848644257e-02
1.834000000000000297e+00 1.981927268207073212e-02
1.844000000000000083e+00 9.222088381648063660e-03
1.853999999999999870e+00 6.098155863583087921e-03
1.864000000000000101e+00 1.852603815495967865e-02
1.874000000000000110e+00 1.123909093439579010e-02
1.884000000000000341e+00 5.235796421766281128e-02
1.894000000000000128e+00 2.102838642895221710e-02
1.903999999999999915e+00 1.303248759359121323e-02
1.914000000000000146e+00 2.501512505114078522e-02
1.924000000000000155e+00 6.127835251390933990e-03
1.933999999999999941e+00 4.122057184576988220e-02
1.943999999999999728e+00 5.473031103610992432e-02
1.953999999999999959e+00 1.945777796208858490e-02
1.963999999999999968e+00 2.473231591284275055e-02
1.974000000000000199e+00 2.354091964662075043e-02
1.983999999999999986e+00 6.007793918251991272e-02
1.993999999999999773e+00 1.686419919133186340e-02
2.004000000000000004e+00 3.811669722199440002e-02
2.014000000000000234e+00 1.218287926167249680e-02
2.024000000000000021e+00 3.593482449650764465e-02
2.033999999999999808e+00 2.706487849354743958e-02
2.044000000000000039e+00 1.604285463690757751e-02
2.053999999999999826e+00 2.463661693036556244e-02
2.063999999999999613e+00 3.201933344826102257e-03
2.073999999999999844e+00 9.010612964630126953e-03
2.084000000000000519e+00 1.924702525138854980e-02
2.093999999999999861e+00 1.020132284611463547e-02
2.104000000000000092e+00 1.652373187243938446e-02
2.113999999999999879e+00 1.591975428164005280e-02
2.123999999999999666e+00 1.913591520860791206e-03
2.133999999999999897e+00 1.401897333562374115e-02
2.143999999999999684e+00 4.023320600390434265e-02
2.153999999999999915e+00 0.000000000000000000e+00
2.164000000000000146e+00 3.387495502829551697e-02
2.174000000000000377e+00 2.753529464825987816e-03
2.184000000000000163e+00 2.343588694930076599e-02
2.193999999999999950e+00 4.733345657587051392e-02
2.203999999999999737e+00 3.430670872330665588e-02
2.213999999999999968e+00 7.101722992956638336e-03
2.223999999999999755e+00 0.000000000000000000e+00
2.233999999999999986e+00 1.105477381497621536e-02
2.244000000000000661e+00 1.152167934924364090e-02
2.254000000000000004e+00 1.263969577848911285e-02
2.264000000000000234e+00 2.882767654955387115e-02
2.274000000000000021e+00 4.046540707349777222e-02
2.283999999999999808e+00 0.000000000000000000e+00
2.294000000000000039e+00 1.158462092280387878e-02
2.303999999999999826e+00 1.515057217329740524e-02
2.313999999999999613e+00 7.171604316681623459e-03
2.323999999999999844e+00 2.196688950061798096e-02
2.334000000000000519e+00 1.204562000930309296e-02
2.343999999999999861e+00 1.413375698029994965e-02
2.354000000000000092e+00 1.860268041491508484e-02
2.363999999999999879e+00 0.000000000000000000e+00
2.373999999999999666e+00 1.194796618074178696e-02
2.383999999999999897e+00 1.694449596107006073e-02
2.393999999999999684e+00 1.017261203378438950e-02
2.403999999999999915e+00 2.358754165470600128e-02
2.414000000000000146e+00 9.068020619451999664e-03
2.424000000000000377e+00 1.314725074917078018e-02
2.434000000000000163e+00 3.636352717876434326e-02
2.443999999999999950e+00 0.000000000000000000e+00
2.453999999999999737e+00 3.123337868601083755e-03
2.463999999999999968e+00 1.532807294279336929e-02
2.473999999999999755e+00 0.000000000000000000e+00
2.483999999999999986e+00 2.859727106988430023e-02
2.494000000000000661e+00 1.860976964235305786e-02
2.504000000000000004e+00 4.186780750751495361e-02
2.514000000000000234e+00 3.001105599105358124e-02
2.524000000000000021e+00 4.513788223266601562e-02
2.533999999999999808e+00 4.079799726605415344e-02
2.544000000000000039e+00 4.602970182895660400e-02
2.553999999999999826e+00 1.655843295156955719e-02
2.563999999999999613e+00 1.678630895912647247e-02
2.573999999999999844e+00 0.000000000000000000e+00
2.584000000000000519e+00 6.907315459102392197e-03
2.593999999999999861e+00 3.472170233726501465e-02
2.604000000000000092e+00 0.000000000000000000e+00
2.613999999999999879e+00 1.334821525961160660e-02
2.623999999999999666e+00 0.000000000000000000e+00
2.633999999999999897e+00 2.041544020175933838e-02
2.643999999999999684e+00 3.325839713215827942e-02
2.653999999999999915e+00 2.843851037323474884e-02
2.664000000000000146e+00 9.892941452562808990e-03
2.674000000000000377e+00 6.616285536438226700e-03
2.684000000000000163e+00 2.162154950201511383e-02
2.693999999999999950e+00 8.996524848043918610e-03
2.703999999999999737e+00 1.249380037188529968e-02
2.713999999999999968e+00 6.498243659734725952e-03
2.723999999999999755e+00 3.310612961649894714e-02
2.733999999999999986e+00 1.817451603710651398e-02
2.744000000000000661e+00 0.000000000000000000e+00
2.754000000000000004e+00 7.763251196593046188e-03
2.764000000000000234e+00 1.892131008207798004e-02
2.774000000000000021e+00 7.107372861355543137e-03
2.783999999999999808e+00 1.114327833056449890e-02
2.794000000000000039e+00 3.550370410084724426e-02
2.803999999999999826e+00 2.511662058532238007e-02
2.813999999999999613e+00 4.238446801900863647e-02
2.823999999999999844e+00 0.000000000000000000e+00
2.834000000000000519e+00 1.580200344324111938e-02
2.843999999999999861e+00 3.399172332137823105e-03
2.854000000000000092e+00 2.806675992906093597e-02
2.863999999999999879e+00 0.000000000000000000e+00
2.873999999999999666e+00 1.936003565788269043e-02
2.883999999999999897e+00 2.087831497192382812e-02
2.893999999999999684e+00 9.941807948052883148e-03
2.903999999999999915e+00 1.952533726580440998e-03
2.914000000000000146e+00 2.124090492725372314e-02
2.924000000000000377e+00 3.464522585272789001e-02
2.934000000000000163e+00 6.028742995113134384e-03
2.943999999999999950e+00 0.000000000000000000e+00
2.953999999999999737e+00 2.099665068089962006e-02
2.963999999999999968e+00 1.392852235585451126e-02
2.973999999999999755e+00 3.087388584390282631e-03
2.983999999999999986e+00 3.085031174123287201e-02
2.994000000000000661e+00 4.031625390052795410e-02
3.004000000000000004e+00 8.470092900097370148e-03
3.014000000000000234e+00 2.436053752899169922e-02
3.024000000000000021e+00 2.211434021592140198e-02
3.033999999999999808e+00 1.697304658591747284e-02
3.044000000000000039e+00 1.552031375467777252e-02
3.053999999999999826e+00 4.659798927605152130e-03
3.064000000000000057e+00 2.113830670714378357e-02
3.074000000000000288e+00 4.133473709225654602e-02
3.084000000000000519e+00 1.091269310563802719e-02
3.093999999999999861e+00 1.312686316668987274e-02
3.104000000000000092e+00 2.297814190387725830e-02
3.113999999999999879e+00 7.375249173492193222e-03
3.123999999999999666e+00 9.039897471666336060e-03
3.133999999999999897e+00 4.309466574341058731e-03
3.143999999999999684e+00 3.173061087727546692e-02
3.153999999999999915e+00 1.632441021502017975e-02
3.164000000000000146e+00 1.358497235924005508e-02
3.174000000000000377e+00 2.023260481655597687e-02
3.184000000000000163e+00 8.551216684281826019e-03
3.193999999999999950e+00 0.000000000000000000e+00
3.203999999999999737e+00 0.000000000000000000e+00
3.213999999999999968e+00 2.811986580491065979e-02
3.224000000000000199e+00 1.027498021721839905e-02
3.234000000000000430e+00 1.616254448890686035e-02
3.244000000000000661e+00 1.849350333213806152e-02
3.254000000000000004e+00 1.070378068834543228e-02
3.264000000000000234e+00 1.935165375471115112e-02
3.273999999999999577e+00 7.171604316681623459e-03
3.284000000000000252e+00 1.822688966058194637e-03
3.293999999999999595e+00 1.525928545743227005e-02
3.303999999999999826e+00 2.746759355068206787e-02
3.314000000000000057e+00 2.868063002824783325e-02
3.324000000000000288e+00 1.386256143450737000e-02
3.334000000000000519e+00 4.644474945962429047e-03
3.343999999999999861e+00 1.463457196950912476e-02
3.354000000000000092e+00 1.949651911854743958e-02
3.363999999999999435e+00 1.550148800015449524e-02
3.373999999999999666e+00 5.874062888324260712e-03
3.384000000000000341e+00 1.147814746946096420e-02
3.393999999999999684e+00 3.773281117901206017e-03
3.403999999999999915e+00 1.694961078464984894e-02
3.414000000000000146e+00 1.953248493373394012e-02
3.424000000000000377e+00 5.353834480047225952e-03
3.433999999999999719e+00 3.347580507397651672e-02
3.443999999999999950e+00 1.375835668295621872e-02
3.453999999999999737e+00 7.783137261867523193e-03
3.463999999999999968e+00 2.103192918002605438e-02
3.474000000000000199e+00 5.288436543196439743e-03
3.484000000000000430e+00 1.092643570154905319e-02
3.494000000000000661e+00 1.486899983137845993e-02
3.504000000000000004e+00 1.137561909854412079e-02
3.514000000000000234e+00 1.375835668295621872e-02
3.523999999999999577e+00 1.348706521093845367e-02
3.534000000000000252e+00 1.116741541773080826e-02
3.543999999999999595e+00 7.107372861355543137e-03
3.553999999999999826e+00 1.273676101118326187e-02
3.564000000000000057e+00 1.513036526739597321e-02
3.574000000000000288e+00 3.313497640192508698e-03
3.584000000000000519e+00 2.730766311287879944e-03
3.593999999999999861e+00 1.219648681581020355e-02
3.604000000000000092e+00 2.024591714143753052e-02
3.613999999999999435e+00 1.086557563394308090e-02
3.623999999999999666e+00 0.000000000000000000e+00
3.634000000000000341e+00 1.822688966058194637e-03
3.643999999999999684e+00 1.330641750246286392e-02
3.653999999999999915e+00 8.126930333673954010e-03
3.664000000000000146e+00 9.385946206748485565e-03
3.674000000000000377e+00 1.361716911196708679e-02
3.683999999999999719e+00 1.302999351173639297e-02
3.693999999999999950e+00 1.739162206649780273e-02
3.703999999999999737e+00 2.304535172879695892e-02
3.713999999999999968e+00 1.945610507391393185e-03
3.724000000000000199e+00 9.865538217127323151e-03
3.734000000000000430e+00 2.463131770491600037e-02
3.744000000000000661e+00 1.122840493917465210e-02
3.754000000000000004e+00 1.670955680310726166e-02
3.764000000000000234e+00 9.089177474379539490e-03
3.773999999999999577e+00 2.024316927418112755e-03
3.784000000000000252e+00 4.648329224437475204e-03
3.793999999999999595e+00 5.702459253370761871e-03
3.803999999999999826e+00 0.000000000000000000e+00
3.814000000000000057e+00 0.000000000000000000e+00
3.824000000000000288e+00 0.000000000000000000e+00
3.834000000000000519e+00 2.545709535479545593e-02
3.843999999999999861e+00 0.000000000000000000e+00
3.854000000000000092e+00 1.160946395248174667e-02
3.863999999999999435e+00 9.258180856704711914e-03
3.873999999999999666e+00 5.743831861764192581e-03
3.884000000000000341e+00 1.082553993910551071e-02
3.893999999999999684e+00 0.000000000000000000e+00
3.903999999999999915e+00 0.000000000000000000e+00
3.914000000000000146e+00 1.253330428153276443e-02
3.924000000000000377e+00 5.536936689168214798e-03
3.933999999999999719e+00 0.000000000000000000e+00
3.943999999999999950e+00 3.032295964658260345e-02
3.953999999999999737e+00 0.000000000000000000e+00
3.963999999999999968e+00 1.042560394853353500e-02
3.974000000000000199e+00 5.673159845173358917e-03
3.984000000000000430e+00 1.816163398325443268e-02
3.994000000000000661e+00 0.000000000000000000e+00
4.003999999999999559e+00 1.204179134219884872e-02
4.014000000000000234e+00 0.000000000000000000e+00
4.024000000000000909e+00 3.435919806361198425e-02
4.034000000000000696e+00 0.000000000000000000e+00
4.043999999999999595e+00 3.087388584390282631e-03
4.054000000000000270e+00 0.000000000000000000e+00
4.064000000000000057e+00 7.792021613568067551e-03
4.073999999999999844e+00 0.000000000000000000e+00
4.084000000000000519e+00 8.763469755649566650e-03
4.093999999999999417e+00 0.000000000000000000e+00
4.104000000000000092e+00 2.753529464825987816e-03
4.113999999999999879e+00 0.000000000000000000e+00
4.124000000000000554e+00 5.921549629420042038e-03
4.134000000000000341e+00 1.135503314435482025e-02
4.144000000000000128e+00 0.000000000000000000e+00
4.153999999999999915e+00 0.000000000000000000e+00
4.163999999999999702e+00 3.926032688468694687e-03
4.174000000000000377e+00 4.291704390197992325e-03
4.183999999999999275e+00 1.207401510328054428e-03
4.193999999999999950e+00 0.000000000000000000e+00
4.204000000000000625e+00 6.777747999876737595e-03
4.214000000000000412e+00 0.000000000000000000e+00
4.223999999999999311e+00 0.000000000000000000e+00
4.233999999999999986e+00 0.000000000000000000e+00
4.244000000000000661e+00 0.000000000000000000e+00
4.253999999999999559e+00 0.000000000000000000e+00
4.264000000000000234e+00 0.000000000000000000e+00
4.274000000000000909e+00 0.000000000000000000e+00
4.284000000000000696e+00 3.087388584390282631e-03
4.293999999999999595e+00 0.000000000000000000e+00
4.304000000000000270e+00 0.000000000000000000e+00
4.314000000000000057e+00 0.000000000000000000e+00
4.323999999999999844e+00 0.000000000000000000e+00
4.334000000000000519e+00 5.702459253370761871e-03
4.343999999999999417e+00 7.171604316681623459e-03
4.354000000000000092e+00 0.000000000000000000e+00
4.363999999999999879e+00 0.000000000000000000e+00
4.374000000000000554e+00 0.000000000000000000e+00
4.384000000000000341e+00 0.000000000000000000e+00
4.394000000000000128e+00 0.000000000000000000e+00
4.403999999999999915e+00 6.101192440837621689e-03
4.413999999999999702e+00 0.000000000000000000e+00
4.424000000000000377e+00 0.000000000000000000e+00
4.433999999999999275e+00 0.000000000000000000e+00
4.443999999999999950e+00 2.934450283646583557e-03
4.454000000000000625e+00 0.000000000000000000e+00
4.464000000000000412e+00 0.000000000000000000e+00
4.473999999999999311e+00 0.000000000000000000e+00
4.483999999999999986e+00 0.000000000000000000e+00
4.494000000000000661e+00 0.000000000000000000e+00
4.503999999999999559e+00 0.000000000000000000e+00
4.514000000000000234e+00 0.000000000000000000e+00
4.524000000000000909e+00 0.000000000000000000e+00
4.534000000000000696e+00 0.000000000000000000e+00
4.543999999999999595e+00 1.523319538682699203e-02
4.554000000000000270e+00 0.000000000000000000e+00
4.564000000000000057e+00 0.000000000000000000e+00
4.573999999999999844e+00 0.000000000000000000e+00
4.584000000000000519e+00 0.000000000000000000e+00
4.593999999999999417e+00 0.000000000000000000e+00
4.604000000000000092e+00 0.000000000000000000e+00
4.613999999999999879e+00 0.000000000000000000e+00
4.624000000000000554e+00 1.164083648473024368e-02
4.634000000000000341e+00 0.000000000000000000e+00
4.644000000000000128e+00 0.000000000000000000e+00
4.653999999999999915e+00 0.000000000000000000e+00
4.663999999999999702e+00 1.057456992566585541e-02
4.674000000000000377e+00 0.000000000000000000e+00
4.683999999999999275e+00 0.000000000000000000e+00
4.693999999999999950e+00 0.000000000000000000e+00
4.704000000000000625e+00 0.000000000000000000e+00
4.714000000000000412e+00 4.709891509264707565e-03
4.723999999999999311e+00 0.000000000000000000e+00
4.733999999999999986e+00 0.000000000000000000e+00
4.744000000000000661e+00 0.000000000000000000e+00
4.753999999999999559e+00 0.000000000000000000e+00
4.764000000000000234e+00 3.712787060067057610e-03
4.774000000000000909e+00 0.000000000000000000e+00
4.784000000000000696e+00 0.000000000000000000e+00
4.793999999999999595e+00 1.402991171926259995e-02
4.804000000000000270e+00 0.000000000000000000e+00
4.814000000000000057e+00 0.000000000000000000e+00
4.823999999999999844e+00 0.000000000000000000e+00
4.834000000000000519e+00 0.000000000000000000e+00
4.843999999999999417e+00 0.000000000000000000e+00
4.854000000000000092e+00 0.000000000000000000e+00
4.863999999999999879e+00 0.000000000000000000e+00
4.874000000000000554e+00 0.000000000000000000e+00
4.884000000000000341e+00 0.000000000000000000e+00
4.894000000000000128e+00 0.000000000000000000e+00
4.903999999999999915e+00 0.000000000000000000e+00
4.913999999999999702e+00 0.000000000000000000e+00
4.924000000000000377e+00 0.000000000000000000e+00
4.933999999999999275e+00 0.000000000000000000e+00
4.943999999999999950e+00 0.000000000000000000e+00
4.954000000000000625e+00 0.000000000000000000e+00
4.964000000000000412e+00 0.000000000000000000e+00
4.973999999999999311e+00 0.000000000000000000e+00
4.983999999999999986e+00 0.000000000000000000e+00
4.994000000000000661e+00 0.000000000000000000e+00
5.003999999999999559e+00 0.000000000000000000e+00
5.014000000000000234e+00 0.000000000000000000e+00
5.024000000000000909e+00 0.000000000000000000e+00
5.034000000000000696e+00 0.000000000000000000e+00
5.043999999999999595e+00 0.000000000000000000e+00
5.054000000000000270e+00 0.000000000000000000e+00
5.064000000000000057e+00 0.000000000000000000e+00
5.073999999999999844e+00 0.000000000000000000e+00
5.084000000000000519e+00 0.000000000000000000e+00
5.093999999999999417e+00 0.000000000000000000e+00
5.104000000000000092e+00 0.000000000000000000e+00
5.113999999999999879e+00 0.000000000000000000e+00
5.124000000000000554e+00 0.000000000000000000e+00
5.134000000000000341e+00 0.000000000000000000e+00
5.144000000000000128e+00 0.000000000000000000e+00
5.153999999999999915e+00 0.000000000000000000e+00
5.163999999999999702e+00 0.000000000000000000e+00
5.174000000000000377e+00 0.000000000000000000e+00
5.183999999999999275e+00 0.000000000000000000e+00
5.193999999999999950e+00 0.000000000000000000e+00
5.204000000000000625e+00 0.000000000000000000e+00
5.214000000000000412e+00 0.000000000000000000e+00
5.223999999999999311e+00 0.000000000000000000e+00
5.233999999999999986e+00 0.000000000000000000e+00
5.244000000000000661e+00 0.000000000000000000e+00
5.253999999999999559e+00 0.000000000000000000e+00
5.264000000000000234e+00 0.000000000000000000e+00
5.274000000000000909e+00 0.000000000000000000e+00
5.284000000000000696e+00 0.000000000000000000e+00
5.293999999999999595e+00 0.000000000000000000e+00
5.304000000000000270e+00 0.000000000000000000e+00
5.314000000000000057e+00 0.000000000000000000e+00
5.323999999999999844e+00 0.000000000000000000e+00
5.334000000000000519e+00 0.000000000000000000e+00
5.343999999999999417e+00 0.000000000000000000e+00
5.354000000000000092e+00 0.000000000000000000e+00
5.363999999999999879e+00 0.000000000000000000e+00
5.374000000000000554e+00 0.000000000000000000e+00
5.384000000000000341e+00 0.000000000000000000e+00
5.394000000000000128e+00 0.000000000000000000e+00
5.403999999999999915e+00 0.000000000000000000e+00
5.413999999999999702e+00 0.000000000000000000e+00
5.424000000000000377e+00 0.000000000000000000e+00
5.433999999999999275e+00 0.000000000000000000e+00
5.443999999999999950e+00 0.000000000000000000e+00
5.454000000000000625e+00 0.000000000000000000e+00
5.464000000000000412e+00 0.000000000000000000e+00
5.473999999999999311e+00 0.000000000000000000e+00
5.483999999999999986e+00 0.000000000000000000e+00
5.494000000000000661e+00 0.000000000000000000e+00
5.503999999999999559e+00 0.000000000000000000e+00
5.514000000000000234e+00 0.000000000000000000e+00
5.524000000000000909e+00 0.000000000000000000e+00
5.534000000000000696e+00 0.000000000000000000e+00
5.543999999999999595e+00 0.000000000000000000e+00
5.554000000000000270e+00 0.000000000000000000e+00
5.564000000000000057e+00 0.000000000000000000e+00
5.573999999999999844e+00 0.000000000000000000e+00
5.584000000000000519e+00 0.000000000000000000e+00
5.593999999999999417e+00 0.000000000000000000e+00
5.604000000000000092e+00 0.000000000000000000e+00
5.613999999999999879e+00 0.000000000000000000e+00
5.624000000000000554e+00 0.000000000000000000e+00
5.634000000000000341e+00 0.000000000000000000e+00
5.644000000000000128e+00 0.000000000000000000e+00
5.653999999999999915e+00 0.000000000000000000e+00
5.663999999999999702e+00 0.000000000000000000e+00
5.674000000000000377e+00 0.000000000000000000e+00
5.683999999999999275e+00 0.000000000000000000e+00
5.693999999999999950e+00 0.000000000000000000e+00
5.704000000000000625e+00 0.000000000000000000e+00
5.714000000000000412e+00 0.000000000000000000e+00
5.723999999999999311e+00 0.000000000000000000e+00
5.733999999999999986e+00 0.000000000000000000e+00
5.744000000000000661e+00 0.000000000000000000e+00
5.753999999999999559e+00 0.000000000000000000e+00
5.764000000000000234e+00 0.000000000000000000e+00
5.774000000000000909e+00 0.000000000000000000e+00
5.784000000000000696e+00 0.000000000000000000e+00
5.793999999999999595e+00 0.000000000000000000e+00
5.804000000000000270e+00 0.000000000000000000e+00
5.814000000000000057e+00 0.000000000000000000e+00
5.823999999999999844e+00 0.000000000000000000e+00
5.834000000000000519e+00 0.000000000000000000e+00
5.843999999999999417e+00 0.000000000000000000e+00
5.854000000000000092e+00 0.000000000000000000e+00
5.863999999999999879e+00 0.000000000000000000e+00
5.874000000000000554e+00 0.000000000000000000e+00
5.884000000000000341e+00 0.000000000000000000e+00
5.894000000000000128e+00 0.000000000000000000e+00
5.903999999999999915e+00 0.000000000000000000e+00
5.913999999999999702e+00 0.000000000000000000e+00
5.924000000000000377e+00 0.000000000000000000e+00
5.933999999999999275e+00 0.000000000000000000e+00
5.943999999999999950e+00 0.000000000000000000e+00
5.954000000000000625e+00 0.000000000000000000e+00
5.964000000000000412e+00 0.000000000000000000e+00
5.973999999999999311e+00 0.000000000000000000e+00
5.983999999999999986e+00 0.000000000000000000e+00
5.994000000000000661e+00 0.000000000000000000e+00
