4.000000000000000083e-03 0.000000000000000000e+00
1.400000000000000203e-02 0.000000000000000000e+00
2.400000000000000050e-02 0.000000000000000000e+00
3.400000000000000244e-02 8.656126260757446289e-02
4.399999999999999745e-02 1.357686221599578857e-01
5.400000000000000633e-02 1.061811894178390503e-01
6.400000000000000133e-02 6.872054934501647949e-02
7.400000000000001021e-02 4.895197227597236633e-02
8.400000000000000522e-02 4.011859372258186340e-02
9.400000000000000022e-02 4.425555467605590820e-02
1.040000000000000091e-01 6.124572828412055969e-02
1.140000000000000180e-01 5.233047157526016235e-02
1.239999999999999991e-01 3.511607274413108826e-02
1.340000000000000080e-01 6.850890070199966431e-02
1.440000000000000169e-01 1.006390973925590515e-01
1.539999999999999980e-01 1.007429733872413635e-01
1.640000000000000069e-01 5.388964712619781494e-02
1.739999999999999880e-01 5.962985754013061523e-02
1.839999999999999969e-01 5.874413624405860901e-02
1.940000000000000058e-01 1.207712218165397644e-01
2.040000000000000147e-01 6.194480881094932556e-02
2.140000000000000235e-01 1.440184712409973145e-01
2.240000000000000324e-01 5.070944130420684814e-02
2.340000000000000413e-01 5.689361318945884705e-02
2.439999999999999947e-01 6.136264652013778687e-02
2.540000000000000036e-01 8.275582641363143921e-02
2.640000000000000124e-01 8.328024297952651978e-02
2.740000000000000213e-01 7.038717716932296753e-02
2.840000000000000302e-01 1.835919320583343506e-01
2.939999999999999836e-01 2.079173326492309570e-01
3.039999999999999925e-01 8.863735198974609375e-02
3.140000000000000013e-01 9.794858843088150024e-02
3.240000000000000102e-01 8.547023683786392212e-02
3.340000000000000191e-01 1.171852499246597290e-01
3.440000000000000280e-01 9.251872450113296509e-02
3.539999999999999813e-01 1.121612042188644409e-01
3.639999999999999902e-01 1.687338948249816895e-01
3.739999999999999991e-01 1.366454809904098511e-01
3.840000000000000080e-01 8.325180411338806152e-02
3.940000000000000169e-01 9.910930693149566650e-02
4.040000000000000258e-01 8.424959331750869751e-02
4.140000000000000346e-01 9.118331223726272583e-02
4.240000000000000435e-01 9.308005869388580322e-02
4.339999999999999969e-01 9.193178266286849976e-02
4.440000000000000613e-01 8.629309386014938354e-02
4.540000000000000147e-01 7.662151008844375610e-02
4.640000000000000790e-01 1.058654710650444031e-01
4.740000000000000324e-01 3.324759751558303833e-02
4.839999999999999858e-01 7.235997915267944336e-02
4.939999999999999392e-01 8.475913852453231812e-02
5.040000000000000036e-01 1.131390556693077087e-01
5.140000000000000124e-01 1.059352383017539978e-01
5.240000000000000213e-01 1.107161715626716614e-01
5.340000000000000302e-01 1.060838028788566589e-01
5.440000000000000391e-01 1.610386371612548828e-01
5.540000000000000480e-01 1.433697491884231567e-01
5.640000000000000568e-01 1.135582998394966125e-01
5.740000000000000657e-01 1.295285224914550781e-01
5.839999999999999636e-01 1.050830781459808350e-01
5.939999999999999725e-01 2.063813656568527222e-01
6.039999999999999813e-01 1.245935931801795959e-01
6.139999999999999902e-01 9.948724508285522461e-02
6.239999999999999991e-01 1.413275748491287231e-01
6.340000000000000080e-01 1.349095255136489868e-01
6.440000000000000169e-01 2.004816234111785889e-01
6.540000000000000258e-01 2.176157981157302856e-01
6.640000000000000346e-01 2.317878752946853638e-01
6.740000000000000435e-01 1.880816817283630371e-01
6.840000000000000524e-01 1.120489314198493958e-01
6.940000000000000613e-01 1.465504467487335205e-01
7.039999999999999591e-01 2.936916649341583252e-01
7.140000000000000790e-01 2.392555177211761475e-01
7.239999999999999769e-01 1.736866980791091919e-01
7.339999999999998748e-01 2.428063005208969116e-01
7.439999999999999947e-01 2.669655382633209229e-01
7.540000000000001146e-01 2.231964915990829468e-01
7.640000000000000124e-01 2.321421056985855103e-01
7.739999999999999103e-01 1.818289905786514282e-01
7.840000000000000302e-01 2.398349642753601074e-01
7.940000000000001501e-01 2.959634959697723389e-01
8.040000000000000480e-01 1.763365566730499268e-01
8.140000000000000568e-01 1.792867034673690796e-01
8.240000000000000657e-01 1.625871807336807251e-01
8.339999999999999636e-01 1.890687048435211182e-01
8.439999999999999725e-01 1.417191177606582642e-01
8.539999999999998703e-01 1.179929822683334351e-01
8.640000000000001013e-01 1.882859319448471069e-01
8.739999999999999991e-01 3.049587905406951904e-01
8.840000000000000080e-01 2.475878745317459106e-01
8.939999999999999059e-01 2.281190305948257446e-01
9.040000000000001368e-01 2.628595829010009766e-01
9.140000000000000346e-01 3.235729038715362549e-01
9.240000000000000435e-01 2.909412980079650879e-01
9.339999999999999414e-01 2.026695013046264648e-01
9.440000000000001723e-01 3.107074797153472900e-01
9.540000000000000702e-01 1.959396451711654663e-01
9.640000000000000790e-01 2.439176589250564575e-01
9.739999999999999769e-01 3.404687941074371338e-01
9.839999999999999858e-01 2.551768720149993896e-01
9.939999999999999947e-01 3.451145887374877930e-01
1.004000000000000004e+00 2.165236771106719971e-01
1.014000000000000012e+00 2.713331580162048340e-01
1.023999999999999799e+00 1.873443275690078735e-01
1.034000000000000030e+00 1.263021081686019897e-01
1.044000000000000039e+00 2.865703701972961426e-01
1.054000000000000048e+00 1.783226132392883301e-01
1.064000000000000057e+00 2.673965394496917725e-01
1.074000000000000066e+00 1.940862685441970825e-01
1.084000000000000075e+00 2.286071181297302246e-01
1.094000000000000083e+00 3.312917947769165039e-01
1.103999999999999870e+00 1.635975390672683716e-01
1.114000000000000101e+00 3.299541771411895752e-01
1.124000000000000110e+00 3.038260638713836670e-01
1.134000000000000119e+00 4.044979810714721680e-01
1.144000000000000128e+00 4.922502338886260986e-01
1.153999999999999915e+00 3.899719715118408203e-01
1.163999999999999924e+00 2.447705119848251343e-01
1.173999999999999932e+00 2.306852340698242188e-01
1.183999999999999941e+00 2.616312205791473389e-01
1.193999999999999728e+00 2.762886583805084229e-01
1.203999999999999959e+00 1.796875745058059692e-01
1.213999999999999968e+00 3.795004785060882568e-01
1.223999999999999977e+00 5.676190257072448730e-01
1.233999999999999986e+00 5.313915610313415527e-01
1.243999999999999995e+00 4.243013858795166016e-01
1.254000000000000004e+00 6.498466730117797852e-01
1.264000000000000012e+00 6.351436972618103027e-01
1.273999999999999799e+00 3.767803907394409180e-01
1.284000000000000030e+00 4.414285421371459961e-01
1.294000000000000039e+00 3.484827876091003418e-01
1.304000000000000048e+00 2.416736036539077759e-01
1.314000000000000057e+00 3.417062461376190186e-01
1.324000000000000066e+00 2.363762855529785156e-01
1.334000000000000075e+00 2.051283121109008789e-01
1.344000000000000083e+00 2.841410040855407715e-01
1.353999999999999870e+00 2.444282174110412598e-01
1.364000000000000101e+00 3.745220899581909180e-01
1.374000000000000110e+00 3.303623497486114502e-01
1.384000000000000119e+00 4.923211932182312012e-01
1.394000000000000128e+00 5.723465681076049805e-01
1.403999999999999915e+00 6.029935479164123535e-01
1.413999999999999924e+00 6.480487585067749023e-01
1.423999999999999932e+00 6.982967853546142578e-01
1.433999999999999941e+00 4.866413474082946777e-01
1.443999999999999728e+00 4.281414747238159180e-01
1.453999999999999959e+00 3.537287414073944092e-01
1.463999999999999968e+00 3.811543285846710205e-01
1.473999999999999977e+00 5.757061839103698730e-01
1.483999999999999986e+00 7.933667898178100586e-01
1.493999999999999995e+00 8.756349682807922363e-01
1.504000000000000004e+00 9.691727757453918457e-01
1.514000000000000012e+00 8.918615579605102539e-01
1.523999999999999799e+00 6.909456253051757812e-01
1.534000000000000030e+00 5.715227723121643066e-01
1.544000000000000039e+00 6.008745431900024414e-01
1.554000000000000048e+00 4.632036089897155762e-01
1.564000000000000057e+00 5.474432110786437988e-01
1.574000000000000066e+00 4.182310700416564941e-01
1.584000000000000075e+00 3.381452560424804688e-01
1.594000000000000083e+00 3.859121203422546387e-01
1.603999999999999870e+00 3.417579531669616699e-01
1.614000000000000101e+00 4.688535630702972412e-01
1.624000000000000110e+00 5.555500984191894531e-01
1.634000000000000341e+00 5.871815085411071777e-01
1.644000000000000128e+00 5.707434415817260742e-01
1.653999999999999915e+00 3.545607328414916992e-01
1.664000000000000146e+00 4.236950576305389404e-01
1.674000000000000155e+00 5.057162046432495117e-01
1.683999999999999941e+00 5.855127573013305664e-01
1.693999999999999728e+00 5.009083747863769531e-01
1.703999999999999959e+00 4.022709429264068604e-01
1.713999999999999968e+00 5.363001227378845215e-01
1.724000000000000199e+00 6.712346673011779785e-01
1.733999999999999986e+00 4.780775904655456543e-01
1.743999999999999773e+00 5.815490484237670898e-01
1.754000000000000004e+00 6.633818149566650391e-01
1.764000000000000012e+00 8.381595015525817871e-01
1.773999999999999799e+00 8.577781915664672852e-01
1.784000000000000030e+00 1.003113150596618652e+00
1.793999999999999817e+00 9.437821507453918457e-01
1.804000000000000270e+00 1.041560173034667969e+00
1.814000000000000057e+00 8.465007543563842773e-01
1.823999999999999844e+00 6.519784331321716309e-01
1.834000000000000297e+00 7.417268157005310059e-01
1.844000000000000083e+00 6.817502379417419434e-01
1.853999999999999870e+00 5.540549159049987793e-01
1.864000000000000101e+00 4.684451818466186523e-01
1.874000000000000110e+00 4.781777858734130859e-01
1.884000000000000341e+00 6.008290052413940430e-01
1.894000000000000128e+00 6.052720546722412109e-01
1.903999999999999915e+00 6.546404957771301270e-01
1.914000000000000146e+00 5.833174586296081543e-01
1.924000000000000155e+00 5.659623146057128906e-01
1.933999999999999941e+00 8.306255340576171875e-01
1.943999999999999728e+00 7.084247469902038574e-01
1.953999999999999959e+00 6.803529262542724609e-01
1.963999999999999968e+00 7.692545652389526367e-01
1.974000000000000199e+00 8.998366594314575195e-01
1.983999999999999986e+00 8.897327780723571777e-01
1.993999999999999773e+00 9.672897458076477051e-01
2.004000000000000004e+00 8.621761202812194824e-01
2.014000000000000234e+00 5.960671901702880859e-01
2.024000000000000021e+00 5.929992794990539551e-01
2.033999999999999808e+00 5.015153288841247559e-01
2.044000000000000039e+00 4.815487563610076904e-01
2.053999999999999826e+00 8.714859485626220703e-01
2.063999999999999613e+00 5.384032726287841797e-01
2.073999999999999844e+00 7.120786905288696289e-01
2.084000000000000519e+00 3.073211312294006348e-01
2.093999999999999861e+00 3.798348903656005859e-01
2.104000000000000092e+00 2.567734420299530029e-01
2.113999999999999879e+00 4.893905818462371826e-01
2.123999999999999666e+00 8.003977537155151367e-01
2.133999999999999897e+00 7.500455379486083984e-01
2.143999999999999684e+00 6.443430781364440918e-01
2.153999999999999915e+00 5.276669263839721680e-01
2.164000000000000146e+00 4.764284491539001465e-01
2.174000000000000377e+00 3.821499347686767578e-01
2.184000000000000163e+00 4.698547124862670898e-01
2.193999999999999950e+00 6.861428022384643555e-01
2.203999999999999737e+00 4.797684848308563232e-01
2.213999999999999968e+00 3.804358541965484619e-01
2.223999999999999755e+00 2.339475452899932861e-01
2.233999999999999986e+00 4.072974622249603271e-01
2.244000000000000661e+00 2.622208297252655029e-01
2.254000000000000004e+00 4.262237846851348877e-01
2.264000000000000234e+00 2.309206128120422363e-01
2.274000000000000021e+00 3.375516831874847412e-01
2.283999999999999808e+00 2.643388509750366211e-01
2.294000000000000039e+00 3.613008260726928711e-01
2.303999999999999826e+00 4.218278527259826660e-01
2.313999999999999613e+00 3.530322611331939697e-01
2.323999999999999844e+00 3.619967699050903320e-01
2.334000000000000519e+00 4.726439118385314941e-01
2.343999999999999861e+00 3.105618953704833984e-01
2.354000000000000092e+00 2.533318996429443359e-01
2.363999999999999879e+00 1.848468184471130371e-01
2.373999999999999666e+00 3.328450620174407959e-01
2.383999999999999897e+00 2.463057488203048706e-01
2.393999999999999684e+00 1.867831945419311523e-01
2.403999999999999915e+00 2.415217757225036621e-01
2.414000000000000146e+00 2.125995010137557983e-01
2.424000000000000377e+00 2.360342144966125488e-01
2.434000000000000163e+00 2.577606439590454102e-01
2.443999999999999950e+00 4.974400401115417480e-01
2.453999999999999737e+00 1.910621374845504761e-01
2.463999999999999968e+00 3.102838397026062012e-01
2.473999999999999755e+00 3.348016440868377686e-01
2.483999999999999986e+00 2.888423204421997070e-01
2.494000000000000661e+00 5.214918255805969238e-01
2.504000000000000004e+00 6.576385498046875000e-01
2.514000000000000234e+00 5.131353139877319336e-01
2.524000000000000021e+00 4.694829881191253662e-01
2.533999999999999808e+00 4.132684767246246338e-01
2.544000000000000039e+00 4.234001040458679199e-01
2.553999999999999826e+00 3.928376734256744385e-01
2.563999999999999613e+00 3.388434946537017822e-01
2.573999999999999844e+00 3.327709436416625977e-01
2.584000000000000519e+00 3.289808630943298340e-01
2.593999999999999861e+00 2.567480504512786865e-01
2.604000000000000092e+00 1.891707777976989746e-01
2.613999999999999879e+00 1.611305326223373413e-01
2.623999999999999666e+00 2.405802905559539795e-01
2.633999999999999897e+00 2.522612512111663818e-01
2.643999999999999684e+00 1.883131712675094604e-01
2.653999999999999915e+00 1.595287322998046875e-01
2.664000000000000146e+00 1.590743809938430786e-01
2.674000000000000377e+00 2.125770747661590576e-01
2.684000000000000163e+00 2.826365232467651367e-01
2.693999999999999950e+00 2.243874967098236084e-01
2.703999999999999737e+00 1.928949505090713501e-01
2.713999999999999968e+00 9.523656219244003296e-02
2.723999999999999755e+00 2.263909280300140381e-01
2.733999999999999986e+00 1.459688991308212280e-01
2.744000000000000661e+00 1.537976711988449097e-01
2.754000000000000004e+00 1.554893553256988525e-01
2.764000000000000234e+00 1.234567761421203613e-01
2.774000000000000021e+00 1.894781142473220825e-01
2.783999999999999808e+00 1.729659736156463623e-01
2.794000000000000039e+00 1.109662950038909912e-01
2.803999999999999826e+00 1.018205508589744568e-01
2.813999999999999613e+00 1.434781998395919800e-01
2.823999999999999844e+00 1.487864851951599121e-01
2.834000000000000519e+00 1.671878099441528320e-01
2.843999999999999861e+00 1.263472437858581543e-01
2.854000000000000092e+00 1.217241361737251282e-01
2.863999999999999879e+00 1.000906601548194885e-01
2.873999999999999666e+00 5.808617174625396729e-02
2.883999999999999897e+00 7.722093909978866577e-02
2.893999999999999684e+00 1.435616463422775269e-01
2.903999999999999915e+00 2.396729588508605957e-01
2.914000000000000146e+00 7.781381160020828247e-02
2.924000000000000377e+00 7.129187136888504028e-02
2.934000000000000163e+00 1.128950417041778564e-01
2.943999999999999950e+00 1.195776164531707764e-01
2.953999999999999737e+00 1.788738071918487549e-01
2.963999999999999968e+00 5.319783091545104980e-02
2.973999999999999755e+00 9.335690736770629883e-02
2.983999999999999986e+00 1.394898444414138794e-01
2.994000000000000661e+00 9.531091898679733276e-02
3.004000000000000004e+00 1.032157093286514282e-01
3.014000000000000234e+00 9.246883541345596313e-02
3.024000000000000021e+00 1.126015111804008484e-01
3.033999999999999808e+00 7.869087904691696167e-02
3.044000000000000039e+00 9.156083315610885620e-02
3.053999999999999826e+00 7.031630724668502808e-02
3.064000000000000057e+00 1.433251798152923584e-01
3.074000000000000288e+00 1.251650154590606689e-01
3.084000000000000519e+00 6.060323119163513184e-02
3.093999999999999861e+00 1.132616847753524780e-01
3.104000000000000092e+00 6.259623169898986816e-02
3.113999999999999879e+00 1.157267391681671143e-01
3.123999999999999666e+00 5.997352302074432373e-02
3.133999999999999897e+00 7.577488571405410767e-02
3.143999999999999684e+00 4.692215472459793091e-02
3.153999999999999915e+00 4.563893377780914307e-02
3.164000000000000146e+00 1.081139668822288513e-01
3.174000000000000377e+00 3.699516132473945618e-02
3.184000000000000163e+00 4.566616564989089966e-02
3.193999999999999950e+00 7.584034651517868042e-02
3.203999999999999737e+00 3.550171479582786560e-02
3.213999999999999968e+00 4.287655651569366455e-02
3.224000000000000199e+00 3.774125128984451294e-02
3.234000000000000430e+00 2.233643643558025360e-02
3.244000000000000661e+00 3.475916385650634766e-02
3.254000000000000004e+00 5.366470292210578918e-02
3.264000000000000234e+00 4.441804811358451843e-02
3.273999999999999577e+00 6.096155568957328796e-02
3.284000000000000252e+00 5.650596693158149719e-02
3.293999999999999595e+00 3.329284116625785828e-02
3.303999999999999826e+00 3.818386420607566833e-02
3.314000000000000057e+00 3.071840293705463409e-02
3.324000000000000288e+00 4.072205349802970886e-02
3.334000000000000519e+00 4.675721377134323120e-02
3.343999999999999861e+00 1.069541368633508682e-02
3.354000000000000092e+00 2.590286545455455780e-02
3.363999999999999435e+00 6.054000556468963623e-02
3.373999999999999666e+00 2.576296590268611908e-02
3.384000000000000341e+00 3.735256940126419067e-02
3.393999999999999684e+00 3.763657063245773315e-02
3.403999999999999915e+00 3.210388496518135071e-02
3.414000000000000146e+00 2.628807723522186279e-02
3.424000000000000377e+00 1.758939772844314575e-02
3.433999999999999719e+00 1.336161699146032333e-02
3.443999999999999950e+00 3.874363377690315247e-02
3.453999999999999737e+00 2.490572817623615265e-02
3.463999999999999968e+00 1.693394035100936890e-02
3.474000000000000199e+00 2.851365134119987488e-03
3.484000000000000430e+00 3.493692353367805481e-02
3.494000000000000661e+00 1.996737532317638397e-02
3.504000000000000004e+00 1.778112910687923431e-02
3.514000000000000234e+00 1.291700266301631927e-02
3.523999999999999577e+00 7.926881313323974609e-03
3.534000000000000252e+00 1.907524466514587402e-02
3.543999999999999595e+00 5.714769475162029266e-03
3.553999999999999826e+00 1.309445127844810486e-02
3.564000000000000057e+00 2.280864678323268890e-02
3.574000000000000288e+00 5.634960718452930450e-03
3.584000000000000519e+00 1.007008738815784454e-02
3.593999999999999861e+00 8.411993272602558136e-03
3.604000000000000092e+00 1.939814537763595581e-02
3.613999999999999435e+00 2.769287861883640289e-02
3.623999999999999666e+00 1.340071577578783035e-02
3.634000000000000341e+00 3.997587412595748901e-02
3.643999999999999684e+00 1.601244881749153137e-02
3.653999999999999915e+00 4.869970679283142090e-02
3.664000000000000146e+00 1.617773249745368958e-02
3.674000000000000377e+00 3.827727958559989929e-02
3.683999999999999719e+00 1.397994440048933029e-02
3.693999999999999950e+00 2.503422647714614868e-02
3.703999999999999737e+00 3.193995729088783264e-02
3.713999999999999968e+00 2.783884666860103607e-02
3.724000000000000199e+00 2.732534892857074738e-02
3.734000000000000430e+00 2.164624631404876709e-02
3.744000000000000661e+00 1.973253209143877029e-03
3.754000000000000004e+00 7.172447629272937775e-03
3.764000000000000234e+00 1.091989316046237946e-02
3.773999999999999577e+00 2.276147343218326569e-02
3.784000000000000252e+00 5.381851922720670700e-03
3.793999999999999595e+00 2.345148660242557526e-02
3.803999999999999826e+00 1.259073615074157715e-02
3.814000000000000057e+00 1.696580275893211365e-02
3.824000000000000288e+00 0.000000000000000000e+00
3.834000000000000519e+00 0.000000000000000000e+00
3.843999999999999861e+00 1.558573276270180941e-04
3.854000000000000092e+00 0.000000000000000000e+00
3.863999999999999435e+00 2.961734309792518616e-03
3.873999999999999666e+00 2.343905344605445862e-02
3.884000000000000341e+00 4.979645367711782455e-03
3.893999999999999684e+00 4.326537018641829491e-04
3.903999999999999915e+00 0.000000000000000000e+00
3.914000000000000146e+00 2.792638260871171951e-03
3.924000000000000377e+00 0.000000000000000000e+00
3.933999999999999719e+00 2.681089751422405243e-02
3.943999999999999950e+00 1.541328243911266327e-02
3.953999999999999737e+00 0.000000000000000000e+00
3.963999999999999968e+00 0.000000000000000000e+00
3.974000000000000199e+00 5.149890482425689697e-02
3.984000000000000430e+00 1.118652429431676865e-02
3.994000000000000661e+00 1.972064189612865448e-02
4.003999999999999559e+00 9.996994398534297943e-03
4.014000000000000234e+00 1.343106664717197418e-02
4.024000000000000909e+00 0.000000000000000000e+00
4.034000000000000696e+00 1.911241328343749046e-03
4.043999999999999595e+00 2.330256160348653793e-03
4.054000000000000270e+00 1.107889041304588318e-02
4.064000000000000057e+00 2.614003792405128479e-02
4.073999999999999844e+00 2.591257169842720032e-02
4.084000000000000519e+00 5.837849341332912445e-03
4.093999999999999417e+00 5.923160351812839508e-03
4.104000000000000092e+00 0.000000000000000000e+00
4.113999999999999879e+00 0.000000000000000000e+00
4.124000000000000554e+00 1.239169668406248093e-02
4.134000000000000341e+00 0.000000000000000000e+00
4.144000000000000128e+00 0.000000000000000000e+00
4.153999999999999915e+00 9.503904730081558228e-03
4.163999999999999702e+00 3.765686647966504097e-03
4.174000000000000377e+00 0.000000000000000000e+00
4.183999999999999275e+00 1.026610471308231354e-02
4.193999999999999950e+00 9.500980377197265625e-03
4.204000000000000625e+00 0.000000000000000000e+00
4.214000000000000412e+00 4.326537018641829491e-04
4.223999999999999311e+00 0.000000000000000000e+00
4.233999999999999986e+00 0.000000000000000000e+00
4.244000000000000661e+00 1.266179792582988739e-02
4.253999999999999559e+00 0.000000000000000000e+00
4.264000000000000234e+00 0.000000000000000000e+00
4.274000000000000909e+00 0.000000000000000000e+00
4.284000000000000696e+00 0.000000000000000000e+00
4.293999999999999595e+00 0.000000000000000000e+00
4.304000000000000270e+00 0.000000000000000000e+00
4.314000000000000057e+00 0.000000000000000000e+00
4.323999999999999844e+00 0.000000000000000000e+00
4.334000000000000519e+00 0.000000000000000000e+00
4.343999999999999417e+00 2.675204596016556025e-04
4.354000000000000092e+00 4.998572170734405518e-03
4.363999999999999879e+00 0.000000000000000000e+00
4.374000000000000554e+00 0.000000000000000000e+00
4.384000000000000341e+00 0.000000000000000000e+00
4.394000000000000128e+00 9.996582753956317902e-03
4.403999999999999915e+00 2.330256160348653793e-03
4.413999999999999702e+00 0.000000000000000000e+00
4.424000000000000377e+00 0.000000000000000000e+00
4.433999999999999275e+00 0.000000000000000000e+00
4.443999999999999950e+00 1.851399615406990051e-02
4.454000000000000625e+00 0.000000000000000000e+00
4.464000000000000412e+00 0.000000000000000000e+00
4.473999999999999311e+00 0.000000000000000000e+00
4.483999999999999986e+00 0.000000000000000000e+00
4.494000000000000661e+00 2.856390736997127533e-02
4.503999999999999559e+00 0.000000000000000000e+00
4.514000000000000234e+00 0.000000000000000000e+00
4.524000000000000909e+00 0.000000000000000000e+00
4.534000000000000696e+00 0.000000000000000000e+00
4.543999999999999595e+00 0.000000000000000000e+00
4.554000000000000270e+00 0.000000000000000000e+00
4.564000000000000057e+00 0.000000000000000000e+00
4.573999999999999844e+00 0.000000000000000000e+00
4.584000000000000519e+00 0.000000000000000000e+00
4.593999999999999417e+00 0.000000000000000000e+00
4.604000000000000092e+00 0.000000000000000000e+00
4.613999999999999879e+00 9.728101082146167755e-03
4.624000000000000554e+00 9.265388362109661102e-03
4.634000000000000341e+00 0.000000000000000000e+00
4.644000000000000128e+00 0.000000000000000000e+00
4.653999999999999915e+00 0.000000000000000000e+00
4.663999999999999702e+00 0.000000000000000000e+00
4.674000000000000377e+00 0.000000000000000000e+00
4.683999999999999275e+00 0.000000000000000000e+00
4.693999999999999950e+00 0.000000000000000000e+00
4.704000000000000625e+00 0.000000000000000000e+00
4.714000000000000412e+00 1.443458069115877151e-02
4.723999999999999311e+00 0.000000000000000000e+00
4.733999999999999986e+00 0.000000000000000000e+00
4.744000000000000661e+00 0.000000000000000000e+00
4.753999999999999559e+00 0.000000000000000000e+00
4.764000000000000234e+00 5.130303557962179184e-03
4.774000000000000909e+00 0.000000000000000000e+00
4.784000000000000696e+00 0.000000000000000000e+00
4.793999999999999595e+00 0.000000000000000000e+00
4.804000000000000270e+00 0.000000000000000000e+00
4.814000000000000057e+00 0.000000000000000000e+00
4.823999999999999844e+00 0.000000000000000000e+00
4.834000000000000519e+00 0.000000000000000000e+00
4.843999999999999417e+00 0.000000000000000000e+00
4.854000000000000092e+00 0.000000000000000000e+00
4.863999999999999879e+00 0.000000000000000000e+00
4.874000000000000554e+00 0.000000000000000000e+00
4.884000000000000341e+00 0.000000000000000000e+00
4.894000000000000128e+00 0.000000000000000000e+00
4.903999999999999915e+00 0.000000000000000000e+00
4.913999999999999702e+00 0.000000000000000000e+00
4.924000000000000377e+00 0.000000000000000000e+00
4.933999999999999275e+00 0.000000000000000000e+00
4.943999999999999950e+00 0.000000000000000000e+00
4.954000000000000625e+00 0.000000000000000000e+00
4.964000000000000412e+00 0.000000000000000000e+00
4.973999999999999311e+00 0.000000000000000000e+00
4.983999999999999986e+00 0.000000000000000000e+00
4.994000000000000661e+00 0.000000000000000000e+00
5.003999999999999559e+00 1.457796432077884674e-02
5.014000000000000234e+00 0.000000000000000000e+00
5.024000000000000909e+00 0.000000000000000000e+00
5.034000000000000696e+00 0.000000000000000000e+00
5.043999999999999595e+00 0.000000000000000000e+00
5.054000000000000270e+00 0.000000000000000000e+00
5.064000000000000057e+00 0.000000000000000000e+00
5.073999999999999844e+00 0.000000000000000000e+00
5.084000000000000519e+00 0.000000000000000000e+00
5.093999999999999417e+00 0.000000000000000000e+00
5.104000000000000092e+00 0.000000000000000000e+00
5.113999999999999879e+00 0.000000000000000000e+00
5.124000000000000554e+00 0.000000000000000000e+00
5.134000000000000341e+00 0.000000000000000000e+00
5.144000000000000128e+00 0.000000000000000000e+00
5.153999999999999915e+00 0.000000000000000000e+00
5.163999999999999702e+00 0.000000000000000000e+00
5.174000000000000377e+00 0.000000000000000000e+00
5.183999999999999275e+00 0.000000000000000000e+00
5.193999999999999950e+00 0.000000000000000000e+00
5.204000000000000625e+00 0.000000000000000000e+00
5.214000000000000412e+00 0.000000000000000000e+00
5.223999999999999311e+00 0.000000000000000000e+00
5.233999999999999986e+00 0.000000000000000000e+00
5.244000000000000661e+00 0.000000000000000000e+00
5.253999999999999559e+00 0.000000000000000000e+00
5.264000000000000234e+00 0.000000000000000000e+00
5.274000000000000909e+00 1.188705023378133774e-02
5.284000000000000696e+00 0.000000000000000000e+00
5.293999999999999595e+00 0.000000000000000000e+00
5.304000000000000270e+00 0.000000000000000000e+00
5.314000000000000057e+00 0.000000000000000000e+00
5.323999999999999844e+00 0.000000000000000000e+00
5.334000000000000519e+00 1.064406894147396088e-02
5.343999999999999417e+00 0.000000000000000000e+00
5.354000000000000092e+00 0.000000000000000000e+00
5.363999999999999879e+00 0.000000000000000000e+00
5.374000000000000554e+00 0.000000000000000000e+00
5.384000000000000341e+00 0.000000000000000000e+00
5.394000000000000128e+00 0.000000000000000000e+00
5.403999999999999915e+00 0.000000000000000000e+00
5.413999999999999702e+00 0.000000000000000000e+00
5.424000000000000377e+00 0.000000000000000000e+00
5.433999999999999275e+00 0.000000000000000000e+00
5.443999999999999950e+00 0.000000000000000000e+00
5.454000000000000625e+00 0.000000000000000000e+00
5.464000000000000412e+00 3.080766275525093079e-02
5.473999999999999311e+00 0.000000000000000000e+00
5.483999999999999986e+00 0.000000000000000000e+00
5.494000000000000661e+00 0.000000000000000000e+00
5.503999999999999559e+00 0.000000000000000000e+00
5.514000000000000234e+00 0.000000000000000000e+00
5.524000000000000909e+00 0.000000000000000000e+00
5.534000000000000696e+00 0.000000000000000000e+00
5.543999999999999595e+00 0.000000000000000000e+00
5.554000000000000270e+00 0.000000000000000000e+00
5.564000000000000057e+00 0.000000000000000000e+00
5.573999999999999844e+00 0.000000000000000000e+00
5.584000000000000519e+00 0.000000000000000000e+00
5.593999999999999417e+00 0.000000000000000000e+00
5.604000000000000092e+00 0.000000000000000000e+00
5.613999999999999879e+00 0.000000000000000000e+00
5.624000000000000554e+00 0.000000000000000000e+00
5.634000000000000341e+00 0.000000000000000000e+00
5.644000000000000128e+00 0.000000000000000000e+00
5.653999999999999915e+00 0.000000000000000000e+00
5.663999999999999702e+00 0.000000000000000000e+00
5.674000000000000377e+00 0.000000000000000000e+00
5.683999999999999275e+00 0.000000000000000000e+00
5.693999999999999950e+00 0.000000000000000000e+00
5.704000000000000625e+00 0.000000000000000000e+00
5.714000000000000412e+00 0.000000000000000000e+00
5.723999999999999311e+00 0.000000000000000000e+00
5.733999999999999986e+00 0.000000000000000000e+00
5.744000000000000661e+00 0.000000000000000000e+00
5.753999999999999559e+00 0.000000000000000000e+00
5.764000000000000234e+00 0.000000000000000000e+00
5.774000000000000909e+00 0.000000000000000000e+00
5.784000000000000696e+00 0.000000000000000000e+00
5.793999999999999595e+00 0.000000000000000000e+00
5.804000000000000270e+00 0.000000000000000000e+00
5.814000000000000057e+00 0.000000000000000000e+00
5.823999999999999844e+00 0.000000000000000000e+00
5.834000000000000519e+00 0.000000000000000000e+00
5.843999999999999417e+00 0.000000000000000000e+00
5.854000000000000092e+00 0.000000000000000000e+00
5.863999999999999879e+00 0.000000000000000000e+00
5.874000000000000554e+00 0.000000000000000000e+00
5.884000000000000341e+00 0.000000000000000000e+00
5.894000000000000128e+00 0.000000000000000000e+00
5.903999999999999915e+00 0.000000000000000000e+00
5.913999999999999702e+00 0.000000000000000000e+00
5.924000000000000377e+00 0.000000000000000000e+00
5.933999999999999275e+00 0.000000000000000000e+00
5.943999999999999950e+00 0.000000000000000000e+00
5.954000000000000625e+00 0.000000000000000000e+00
5.964000000000000412e+00 0.000000000000000000e+00
5.973999999999999311e+00 0.000000000000000000e+00
5.983999999999999986e+00 0.000000000000000000e+00
5.994000000000000661e+00 0.000000000000000000e+00
